hora,temp,light,soil
07:00:00,26.10,902,26.15
07:00:03,26.11,905,26.13
07:00:06,26.12,909,26.14
07:00:09,26.12,912,26.12
07:00:12,26.13,916,26.11
07:00:15,26.14,920,26.09
07:00:18,26.15,924,26.08
07:00:21,26.15,928,26.06
07:00:24,26.16,932,26.07
07:00:27,26.17,936,26.09
07:00:30,26.18,940,26.11
07:00:33,26.18,944,26.12
07:00:36,26.19,948,26.10
07:00:39,26.20,952,26.11
07:00:42,26.21,956,26.13
07:00:45,26.21,960,26.14
07:00:48,26.22,964,26.15
07:00:51,26.23,968,26.13
07:00:54,26.24,972,26.12
07:00:57,26.24,976,26.14
07:01:00,26.25,980,26.16
07:01:03,26.26,984,26.17
07:01:06,26.27,988,26.19
07:01:09,26.27,992,26.18
07:01:12,26.28,996,26.16
07:01:15,26.29,1000,26.15
07:01:18,26.30,1004,26.17
07:01:21,26.30,1008,26.18
07:01:24,26.31,1012,26.20
07:01:27,26.32,1016,26.19
07:01:30,26.33,1020,26.17
07:01:33,26.33,1024,26.16
07:01:36,26.34,1028,26.14
07:01:39,26.35,1032,26.13
07:01:42,26.36,1036,26.11
07:01:45,26.36,1040,26.10
07:01:48,26.37,1044,26.08
07:01:51,26.38,1048,26.07
07:01:54,26.39,1052,26.05
07:01:57,26.39,1056,26.04
07:02:00,26.40,1060,26.02
07:02:03,26.41,1064,26.01
07:02:06,26.42,1068,25.99
07:02:09,26.42,1072,25.98
07:02:12,26.43,1076,25.96
07:02:15,26.44,1080,25.95
07:02:18,26.45,1084,25.93
07:02:21,26.45,1088,25.92
07:02:24,26.46,1092,25.90
07:02:27,26.47,1096,25.89
07:02:30,26.48,1100,25.87
07:02:33,26.48,1104,25.86
07:02:36,26.49,1108,25.84
07:02:39,26.50,1112,25.83
07:02:42,26.51,1116,25.81
07:02:45,26.51,1120,25.80
07:02:48,26.52,1124,25.78
07:02:51,26.53,1128,25.77
07:02:54,26.54,1132,25.75
07:02:57,26.54,1136,25.74
07:03:00,26.55,1140,25.72
07:03:03,26.56,1144,25.71
07:03:06,26.57,1148,25.69
07:03:09,26.57,1152,25.68
07:03:12,26.58,1156,25.66
07:03:15,26.59,1160,25.65
07:03:18,26.60,1164,25.63
07:03:21,26.60,1168,25.62
07:03:24,26.61,1172,25.60
07:03:27,26.62,1176,25.59
07:03:30,26.63,1180,25.57
07:03:33,26.63,1184,25.56
07:03:36,26.64,1188,25.54
07:03:39,26.65,1192,25.53
07:03:42,26.66,1196,25.51
07:03:45,26.66,1200,25.50
07:03:48,26.67,1204,25.48
07:03:51,26.68,1208,25.47
07:03:54,26.69,1212,25.45
07:03:57,26.69,1216,25.44
07:04:00,26.70,1220,25.42
07:04:03,26.71,1224,25.41
07:04:06,26.72,1228,25.39
07:04:09,26.72,1232,25.38
07:04:12,26.73,1236,25.36
07:04:15,26.74,1240,25.35
07:04:18,26.75,1244,25.33
07:04:21,26.75,1248,25.32
07:04:24,26.76,1252,25.30
07:04:27,26.77,1256,25.29
07:04:30,26.78,1260,25.27
07:04:33,26.78,1264,25.26
07:04:36,26.79,1268,25.24
07:04:39,26.80,1272,25.23
07:04:42,26.81,1276,25.21
07:04:45,26.81,1280,25.20
07:04:48,26.82,1284,25.18
07:04:51,26.83,1288,25.17
07:04:54,26.84,1292,25.15
07:04:57,26.84,1296,25.14
07:05:00,26.85,1300,25.12
07:05:03,26.86,1304,25.11
07:05:06,26.87,1308,25.09
07:05:09,26.87,1312,25.08
07:05:12,26.88,1316,25.06
07:05:15,26.89,1320,25.05
07:05:18,26.90,1324,25.03
07:05:21,26.90,1328,25.02
07:05:24,26.91,1332,25.00
07:05:27,26.92,1336,26.01
07:05:30,26.93,1340,26.03
07:05:33,26.93,1344,26.04
07:05:36,26.94,1348,26.06
07:05:39,26.95,1352,26.07
07:05:42,26.96,1356,26.09
07:05:45,26.96,1360,26.10
07:05:48,26.97,1364,26.12
07:05:51,26.98,1368,26.13
07:05:54,26.99,1372,26.15
07:05:57,26.99,1376,26.16
07:06:00,27.00,1380,26.18
07:06:03,27.01,1384,26.19
07:06:06,27.02,1388,26.21
07:06:09,27.02,1392,26.22
07:06:12,27.03,1396,26.24
07:06:15,27.04,1400,26.25
07:06:18,27.05,1404,26.27
07:06:21,27.05,1408,26.28
07:06:24,27.06,1412,26.30
07:06:27,27.07,1416,26.31
07:06:30,27.08,1420,26.33
07:06:33,27.08,1424,26.34
07:06:36,27.09,1428,26.36
07:06:39,27.10,1432,26.37
07:06:42,27.11,1436,26.39
07:06:45,27.11,1440,26.40
07:06:48,27.12,1444,26.42
07:06:51,27.13,1448,26.43
07:06:54,27.14,1452,26.45
07:06:57,27.14,1456,26.46
07:07:00,27.15,1460,26.48
07:07:03,27.16,1464,26.49
07:07:06,27.17,1468,26.51
07:07:09,27.17,1472,26.52
07:07:12,27.18,1476,26.54
07:07:15,27.19,1480,26.55
07:07:18,27.20,1484,26.57
07:07:21,27.20,1488,26.58
07:07:24,27.21,1492,26.60
07:07:27,27.22,1496,26.61
07:07:30,27.23,1500,26.63
07:07:33,27.23,1504,26.64
07:07:36,27.24,1508,26.66
07:07:39,27.25,1512,26.67
07:07:42,27.26,1516,26.69
07:07:45,27.26,1520,26.70
07:07:48,27.27,1524,26.72
07:07:51,27.28,1528,26.73
07:07:54,27.29,1532,26.75
07:07:57,27.29,1536,26.76
07:08:00,27.30,1540,26.78
07:08:03,27.31,1544,26.79
07:08:06,27.32,1548,26.81
07:08:09,27.32,1552,26.82
07:08:12,27.33,1556,26.84
07:08:15,27.34,1560,26.85
07:08:18,27.35,1564,26.87
07:08:21,27.35,1568,26.88
07:08:24,27.36,1572,26.90
07:08:27,27.37,1576,26.91
07:08:30,27.38,1580,26.93
07:08:33,27.38,1584,26.94
07:08:36,27.39,1588,26.96
07:08:39,27.40,1592,26.97
07:08:42,27.41,1596,26.99
07:08:45,27.41,1600,26.98
07:08:48,27.42,1604,26.96
07:08:51,27.43,1608,26.95
07:08:54,27.44,1612,26.93
07:08:57,27.44,1616,26.92
07:09:00,27.45,1620,26.90
07:09:03,27.46,1624,26.89
07:09:06,27.47,1628,26.87
07:09:09,27.47,1632,26.86
07:09:12,27.48,1636,26.84
07:09:15,27.49,1640,26.83
07:09:18,27.50,1644,26.81
07:09:21,27.50,1648,26.80
07:09:24,27.51,1652,26.78
07:09:27,27.52,1656,26.77
07:09:30,27.53,1660,26.75
07:09:33,27.53,1664,26.74
07:09:36,27.54,1668,26.72
07:09:39,27.55,1672,26.71
07:09:42,27.56,1676,26.69
07:09:45,27.56,1680,26.68
07:09:48,27.57,1684,26.66
07:09:51,27.58,1688,26.65
07:09:54,27.59,1692,26.63
07:09:57,27.59,1696,26.62
07:10:00,27.60,1700,26.60
07:10:03,27.61,1704,26.59
07:10:06,27.62,1708,26.57
07:10:09,27.62,1712,26.56
07:10:12,27.63,1716,26.54
07:10:15,27.64,1720,26.53
07:10:18,27.65,1724,26.51
07:10:21,27.65,1728,26.50
07:10:24,27.66,1732,26.48
07:10:27,27.67,1736,26.47
07:10:30,27.68,1740,26.45
07:10:33,27.68,1744,26.44
07:10:36,27.69,1748,26.42
07:10:39,27.70,1752,26.41
07:10:42,27.71,1756,26.39
07:10:45,27.71,1760,26.38
07:10:48,27.72,1764,26.36
07:10:51,27.73,1768,26.35
07:10:54,27.74,1772,26.33
07:10:57,27.74,1776,26.32
07:11:00,27.75,1780,26.30
07:11:03,27.76,1784,26.29
07:11:06,27.77,1788,26.27
07:11:09,27.77,1792,26.26
07:11:12,27.78,1796,26.24
07:11:15,27.79,1800,26.23
07:11:18,27.80,1804,26.21
07:11:21,27.80,1808,26.20
07:11:24,27.81,1812,26.18
07:11:27,27.82,1816,26.17
07:11:30,27.83,1820,26.15
07:11:33,27.83,1824,26.14
07:11:36,27.84,1828,26.12
07:11:39,27.85,1832,26.11
07:11:42,27.86,1836,26.09
07:11:45,27.86,1840,26.08
07:11:48,27.87,1844,26.06
07:11:51,27.88,1848,26.05
07:11:54,27.89,1852,26.03
07:11:57,27.89,1856,26.02
07:12:00,27.90,1860,26.00
07:12:03,27.91,1864,26.01
07:12:06,27.92,1868,26.03
07:12:09,27.92,1872,26.04
07:12:12,27.93,1876,26.06
07:12:15,27.94,1880,26.07
07:12:18,27.95,1884,26.09
07:12:21,27.95,1888,26.10
07:12:24,27.96,1892,26.12
07:12:27,27.97,1896,26.13
07:12:30,27.98,1900,26.15
07:12:33,27.98,1904,26.16
07:12:36,27.99,1908,26.18
07:12:39,27.99,1912,26.19
07:12:42,27.99,1916,26.21
07:12:45,27.99,1920,26.22
07:12:48,27.99,1924,26.24
07:12:51,27.99,1928,26.25
07:12:54,27.99,1932,26.27
07:12:57,27.99,1936,26.28
07:13:00,27.99,1940,26.30
07:13:03,27.99,1944,26.31
07:13:06,27.99,1948,26.33
07:13:09,27.99,1952,26.34
07:13:12,27.99,1956,26.36
07:13:15,27.99,1960,26.37
07:13:18,27.99,1964,26.39
07:13:21,27.99,1968,26.40
07:13:24,27.99,1972,26.42
07:13:27,27.99,1976,26.43
07:13:30,27.99,1980,26.45
07:13:33,27.99,1984,26.46
07:13:36,27.99,1988,26.48
07:13:39,27.99,1992,26.49
07:13:42,27.99,1996,26.51
07:13:45,27.99,2000,26.52
07:13:48,27.99,2004,26.54
07:13:51,27.99,2008,26.55
07:13:54,27.99,2012,26.57
07:13:57,27.99,2016,26.58
07:14:00,27.99,2020,26.60
07:14:03,27.99,2024,26.61
07:14:06,27.99,2028,26.63
07:14:09,27.99,2032,26.64
07:14:12,27.99,2036,26.66
07:14:15,27.99,2040,26.67
07:14:18,27.99,2044,26.69
07:14:21,27.99,2048,26.70
07:14:24,27.99,2052,26.72
07:14:27,27.99,2056,26.73
07:14:30,27.99,2060,26.75
07:14:33,27.99,2064,26.76
07:14:36,27.99,2068,26.78
07:14:39,27.99,2072,26.79
07:14:42,27.99,2076,26.81
07:14:45,27.99,2080,26.82
07:14:48,27.99,2084,26.84
07:14:51,27.99,2088,26.85
07:14:54,27.99,2092,26.87
07:14:57,27.99,2096,26.88
07:15:00,27.99,2100,26.90
07:15:03,27.99,2104,26.91
07:15:06,27.99,2108,26.93
07:15:09,27.99,2112,26.94
07:15:12,27.99,2116,26.96
07:15:15,27.99,2120,26.97
07:15:18,27.99,2124,26.99
07:15:21,27.99,2128,26.98
07:15:24,27.99,2132,26.96
07:15:27,27.99,2136,26.95
07:15:30,27.99,2140,26.93
07:15:33,27.99,2144,26.92
07:15:36,27.99,2148,26.90
07:15:39,27.99,2152,26.89
07:15:42,27.99,2156,26.87
07:15:45,27.99,2160,26.86
07:15:48,27.99,2164,26.84
07:15:51,27.99,2168,26.83
07:15:54,27.99,2172,26.81
07:15:57,27.99,2176,26.80
07:16:00,27.99,2180,26.78
07:16:03,27.99,2184,26.77
07:16:06,27.99,2188,26.75
07:16:09,27.99,2192,26.74
07:16:12,27.99,2196,26.72
07:16:15,27.99,2200,26.71
07:16:18,27.99,2204,26.69
07:16:21,27.99,2208,26.68
07:16:24,27.99,2212,26.66
07:16:27,27.99,2216,26.65
07:16:30,27.99,2220,26.63
07:16:33,27.99,2224,26.62
07:16:36,27.99,2228,26.60
07:16:39,27.99,2232,26.59
07:16:42,27.99,2236,26.57
07:16:45,27.99,2240,26.56
07:16:48,27.99,2244,26.54
07:16:51,27.99,2248,26.53
07:16:54,27.99,2252,26.51
07:16:57,27.99,2256,26.50
07:17:00,27.99,2260,26.48
07:17:03,27.99,2264,26.47
07:17:06,27.99,2268,26.45
07:17:09,27.99,2272,26.44
07:17:12,27.99,2276,26.42
07:17:15,27.99,2280,26.41
07:17:18,27.99,2284,26.39
07:17:21,27.99,2288,26.38
07:17:24,27.99,2292,26.36
07:17:27,27.99,2296,26.35
07:17:30,27.99,2300,26.33
07:17:33,27.99,2304,26.32
07:17:36,27.99,2308,26.30
07:17:39,27.99,2312,26.29
07:17:42,27.99,2316,26.27
07:17:45,27.99,2320,26.26
07:17:48,27.99,2324,26.24
07:17:51,27.99,2328,26.23
07:17:54,27.99,2332,26.21
07:17:57,27.99,2336,26.20
07:18:00,27.99,2340,26.18
07:18:03,27.99,2344,26.17
07:18:06,27.99,2348,26.15
07:18:09,27.99,2352,26.14
07:18:12,27.99,2356,26.12
07:18:15,27.99,2360,26.11
07:18:18,27.99,2364,26.09
07:18:21,27.99,2368,26.08
07:18:24,27.99,2372,26.06
07:18:27,27.99,2376,26.05
07:18:30,27.99,2380,26.03
07:18:33,27.99,2384,26.02
07:18:36,27.99,2388,26.00
07:18:39,27.99,2392,26.01
07:18:42,27.99,2396,26.03
07:18:45,27.99,2400,26.04
07:18:48,27.99,2404,26.06
07:18:51,27.99,2408,26.07
07:18:54,27.99,2412,26.09
07:18:57,27.99,2416,26.10
07:19:00,27.99,2420,26.12
07:19:03,27.99,2424,26.13
07:19:06,27.99,2428,26.15
07:19:09,27.99,2432,26.16
07:19:12,27.99,2436,26.18
07:19:15,27.99,2440,26.19
07:19:18,27.99,2444,26.21
07:19:21,27.99,2448,26.22
07:19:24,27.99,2452,26.24
07:19:27,27.99,2456,26.25
07:19:30,27.99,2460,26.27
07:19:33,27.99,2464,26.28
07:19:36,27.99,2468,26.30
07:19:39,27.99,2472,26.31
07:19:42,27.99,2476,26.33
07:19:45,27.99,2480,26.34
07:19:48,27.99,2484,26.36
07:19:51,27.99,2488,26.37
07:19:54,27.99,2492,26.39
07:19:57,27.99,2496,26.40
07:20:00,27.99,2500,26.42
07:20:03,27.99,2504,26.43
07:20:06,27.99,2508,26.45
07:20:09,27.99,2512,26.46
07:20:12,27.99,2516,26.48
07:20:15,27.99,2520,26.49
07:20:18,27.99,2524,26.51
07:20:21,27.99,2528,26.52
07:20:24,27.99,2532,26.54
07:20:27,27.99,2536,26.55
07:20:30,27.99,2540,26.57
07:20:33,27.99,2544,26.58
07:20:36,27.99,2548,26.60
07:20:39,27.99,2552,26.61
07:20:42,27.99,2556,26.63
07:20:45,27.99,2560,26.64
07:20:48,27.99,2564,26.66
07:20:51,27.99,2568,26.67
07:20:54,27.99,2572,26.69
07:20:57,27.99,2576,26.70
07:21:00,27.99,2580,26.72
07:21:03,27.99,2584,26.73
07:21:06,27.99,2588,26.75
07:21:09,27.99,2592,26.76
07:21:12,27.99,2596,26.78
07:21:15,27.99,2600,26.79
07:21:18,27.99,2604,26.81
07:21:21,27.99,2608,26.82
07:21:24,27.99,2612,26.84
07:21:27,27.99,2616,26.85
07:21:30,27.99,2620,26.87
07:21:33,27.99,2624,26.88
07:21:36,27.99,2628,26.90
07:21:39,27.99,2632,26.91
07:21:42,27.99,2636,26.93
07:21:45,27.99,2640,26.94
07:21:48,27.99,2644,26.96
07:21:51,27.99,2648,26.97
07:21:54,27.99,2652,26.99
07:21:57,27.99,2656,26.98
07:22:00,27.99,2660,26.96
07:22:03,27.99,2664,26.95
07:22:06,27.99,2668,26.93
07:22:09,27.99,2672,26.92
07:22:12,27.99,2676,26.90
07:22:15,27.99,2680,26.89
07:22:18,27.99,2684,26.87
07:22:21,27.99,2688,26.86
07:22:24,27.99,2692,26.84
07:22:27,27.99,2696,26.83
07:22:30,27.99,2700,26.81
07:22:33,27.99,2704,26.80
07:22:36,27.99,2708,26.78
07:22:39,27.99,2712,26.77
07:22:42,27.99,2716,26.75
07:22:45,27.99,2720,26.74
07:22:48,27.99,2724,26.72
07:22:51,27.99,2728,26.71
07:22:54,27.99,2732,26.69
07:22:57,27.99,2736,26.68
07:23:00,27.99,2740,26.66
07:23:03,27.99,2744,26.65
07:23:06,27.99,2748,26.63
07:23:09,27.99,2752,26.62
07:23:12,27.99,2756,26.60
07:23:15,27.99,2760,26.59
07:23:18,27.99,2764,26.57
07:23:21,27.99,2768,26.56
07:23:24,27.99,2772,26.54
07:23:27,27.99,2776,26.53
07:23:30,27.99,2780,26.51
07:23:33,27.99,2784,26.50
07:23:36,27.99,2788,26.48
07:23:39,27.99,2792,26.47
07:23:42,27.99,2796,26.45
07:23:45,27.99,2800,26.44
07:23:48,27.99,2804,26.42
07:23:51,27.99,2808,26.41
07:23:54,27.99,2812,26.39
07:23:57,27.99,2816,26.38
07:24:00,27.99,2820,26.36
07:24:03,27.99,2824,26.35
07:24:06,27.99,2828,26.33
07:24:09,27.99,2832,26.32
07:24:12,27.99,2836,26.30
07:24:15,27.99,2840,26.29
07:24:18,27.99,2844,26.27
07:24:21,27.99,2848,26.26
0-0:24:24,27.99,2852,26.24
07:24:27,27.99,2856,26.23
07:24:30,27.99,2860,26.21
07:24:33,27.99,2864,26.20
07:24:36,27.99,2868,26.18
07:24:39,27.99,2872,26.17
07:24:42,27.99,2876,26.15
07:24:45,27.99,2880,26.14
07:24:48,27.99,2884,26.12
07:24:51,27.99,2888,26.11
07:24:54,27.99,2892,26.09
07:24:57,27.99,2896,26.08
07:25:00,27.99,2900,26.06
07:25:03,27.99,2904,26.05
07:25:06,27.99,2908,26.03
07:25:09,27.99,2912,26.02
07:25:12,27.99,2916,26.00
07:25:15,27.99,2920,26.01
07:25:18,27.99,2924,26.03
07:25:21,27.99,2928,26.04
07:25:24,27.99,2932,26.06
07:25:27,27.99,2936,26.07
07:25:30,27.99,2940,26.09
07:25:33,27.99,2944,26.10
07:25:36,27.99,2948,26.12
07:25:39,27.99,2952,26.13
07:25:42,27.99,2956,26.15
07:25:45,27.99,2960,26.16
07:25:48,27.99,2964,26.18
07:25:51,27.99,2968,26.19
07:25:54,27.99,2972,26.21
07:25:57,27.99,2976,26.22
07:26:00,27.99,2980,26.24
07:26:03,27.99,2984,26.25
07:26:06,27.99,2988,26.27
07:26:09,27.99,2992,26.28
07:26:12,27.99,2996,26.30
07:26:15,27.99,3000,26.31
07:26:18,27.99,3004,26.33
07:26:21,27.99,3008,26.34
07:26:24,27.99,3012,26.36
07:26:27,27.99,3016,26.37
07:26:30,27.99,3020,26.39
07:26:33,27.99,3024,26.40
07:26:36,27.99,3028,26.42
07:26:39,27.99,3032,26.43
07:26:42,27.99,3036,26.45
07:26:45,27.99,3040,26.46
07:26:48,27.99,3044,26.48
07:26:51,27.99,3048,26.49
07:26:54,27.99,3052,26.51
07:26:57,27.99,3056,26.52
07:27:00,27.99,3060,26.54
07:27:03,27.99,3064,26.55
07:27:06,27.99,3068,26.57
07:27:09,27.99,3072,26.58
07:27:12,27.99,3076,26.60
07:27:15,27.99,3080,26.61
07:27:18,27.99,3084,26.63
07:27:21,27.99,3088,26.64
07:27:24,27.99,3092,26.66
07:27:27,27.99,3096,26.67
07:27:30,27.99,3100,26.69
07:27:33,27.99,3104,26.70
07:27:36,27.99,3108,26.72
07:27:39,27.99,3112,26.73
07:27:42,27.99,3116,26.75
07:27:45,27.99,3120,26.76
07:27:48,27.99,3124,26.78
07:27:51,27.99,3128,26.79
07:27:54,27.99,3132,26.81
07:27:57,27.99,3136,26.82
07:28:00,27.99,3140,26.84
07:28:03,27.99,3144,26.85
07:28:06,27.99,3148,26.87
07:28:09,27.99,3152,26.88
07:28:12,27.99,3156,26.90
07:28:15,27.99,3160,26.91
07:28:18,27.99,3164,26.93
07:28:21,27.99,3168,26.94
07:28:24,27.99,3172,26.96
07:28:27,27.99,3176,26.97
07:28:30,27.99,3180,26.99
07:28:33,27.99,3184,26.98
07:28:36,27.99,3188,26.96
07:28:39,27.99,3192,26.95
07:28:42,27.99,3196,26.93
07:28:45,27.99,3200,26.92
07:28:48,27.99,3204,26.90
07:28:51,27.99,3208,26.89
07:28:54,27.99,3212,26.87
07:28:57,27.99,3216,26.86
07:29:00,27.99,3220,26.84
07:29:03,27.99,3224,26.83
07:29:06,27.99,3228,26.81
07:29:09,27.99,3232,26.80
07:29:12,27.99,3236,26.78
07:29:15,27.99,3240,26.77
07:29:18,27.99,3244,26.75
07:29:21,27.99,3248,26.74
07:29:24,27.99,3252,26.72
07:29:27,27.99,3256,26.71
07:29:30,27.99,3260,26.69
07:29:33,27.99,3264,26.68
07:29:36,27.99,3268,26.66
07:29:39,27.99,3272,26.65
07:29:42,27.99,3276,26.63
07:29:45,27.99,3280,26.62
07:29:48,27.99,3284,26.60
07:29:51,27.99,3288,26.59
07:29:54,27.99,3292,26.57
07:29:57,27.99,3296,26.56
07:30:00,27.99,3300,26.54
07:30:03,27.99,3304,26.53
07:30:06,27.99,3308,26.51
07:30:09,27.99,3312,26.50
07:30:12,27.99,3316,26.48
07:30:15,27.99,3320,26.47
07:30:18,27.99,3324,26.45
07:30:21,27.99,3328,26.44
07:30:24,27.99,3332,26.42
07:30:27,27.99,3336,26.41
07:30:30,27.99,3340,26.39
07:30:33,27.99,3344,26.38
07:30:36,27.99,3348,26.36
07:30:39,27.99,3352,26.35
07:30:42,27.99,3356,26.33
07:30:45,27.99,3360,26.32
07:30:48,27.99,3364,26.30
07:30:51,27.99,3368,26.29
07:30:54,27.99,3372,26.27
07:30:57,27.99,3376,26.26
07:31:00,27.99,3380,26.24
07:31:03,27.99,3384,26.23
07:31:06,27.99,3388,26.21
07:31:09,27.99,3392,26.20
07:31:12,27.99,3396,26.18
07:31:15,27.99,3400,26.17
07:31:18,27.99,3404,26.15
07:31:21,27.99,3408,26.14
07:31:24,27.99,3412,26.12
07:31:27,27.99,3416,26.11
07:31:30,27.99,3420,26.09
07:31:33,27.99,3424,26.08
07:31:36,27.99,3428,26.06
07:31:39,27.99,3432,26.05
07:31:42,27.99,3436,26.03
07:31:45,27.99,3440,26.02
07:31:48,27.99,3444,26.00
07:31:51,27.99,3448,26.01
07:31:54,27.99,3452,26.03
07:31:57,27.99,3456,26.04
07:32:00,27.99,3460,26.06
07:32:03,27.99,3464,26.07
07:32:06,27.99,3468,26.09
07:32:09,27.99,3472,26.10
07:32:12,27.99,3476,26.12
07:32:15,27.99,3480,26.13
07:32:18,27.99,3484,26.15
07:32:21,27.99,3488,26.16
07:32:24,27.99,3492,26.18
07:32:27,27.99,3496,26.19
07:32:30,27.99,3500,26.21
07:32:33,27.99,3504,26.22
07:32:36,27.99,3508,26.24
07:32:39,27.99,3512,26.25
07:32:42,27.99,3516,26.27
07:32:45,27.99,3520,26.28
07:32:48,27.99,3524,26.30
07:32:51,27.99,3528,26.31
07:32:54,27.99,3532,26.33
07:32:57,27.99,3536,26.34
07:33:00,27.99,3540,26.36
07:33:03,27.99,3544,26.37
07:33:06,27.99,3548,26.39
07:33:09,27.99,3552,26.40
07:33:12,27.99,3556,26.42
07:33:15,27.99,3560,26.43
07:33:18,27.99,3564,26.45
07:33:21,27.99,3568,26.46
07:33:24,27.99,3572,26.48
07:33:27,27.99,3576,26.49
07:33:30,27.99,3580,26.51
07:33:33,27.99,3584,26.52
07:33:36,27.99,3588,26.54
07:33:39,27.99,3592,26.55
07:33:42,27.99,3596,26.57
07:33:45,27.99,4000,26.58
07:33:48,27.99,4004,26.60
07:33:51,27.99,4008,26.61
07:33:54,27.99,4012,26.63
07:33:57,27.99,4016,26.64
07:34:00,27.99,4020,26.66
07:34:03,27.99,4024,26.67
07:34:06,27.99,4028,26.69
07:34:09,27.99,4032,26.70
07:34:12,27.99,4036,26.72
07:34:15,27.99,4040,26.73
07:34:18,27.99,4044,26.75
07:34:21,27.99,4048,26.76
07:34:24,27.99,4052,26.78
07:34:27,27.99,4056,26.79
07:34:30,27.99,4060,26.81
07:34:33,27.99,4064,26.82
07:34:36,27.99,4068,26.84
07:34:39,27.99,4072,26.85
07:34:42,27.99,4076,26.87
07:34:45,27.99,4080,26.88
07:34:48,27.99,4084,26.90
07:34:51,27.99,4088,26.91
07:34:54,27.99,4092,26.93
07:34:57,27.99,4096,26.94
07:35:00,27.99,4100,26.96
07:35:03,27.99,4104,26.97
07:35:06,27.99,4108,26.99
07:35:09,27.99,4112,26.98
07:35:12,27.99,4116,26.96
07:35:15,27.99,4120,26.95
07:35:18,27.99,4124,26.93
07:35:21,27.99,4128,26.92
07:35:24,27.99,4132,26.90
07:35:27,27.99,4136,26.89
07:35:30,27.99,4140,26.87
07:35:33,27.99,4144,26.86
07:35:36,27.99,4148,26.84
07:35:39,27.99,4152,26.83
07:35:42,27.99,4156,26.81
07:35:45,27.99,4160,26.80
07:35:48,27.99,4164,26.78
07:35:51,27.99,4168,26.77
07:35:54,27.99,4172,26.75
07:35:57,27.99,4176,26.74
07:36:00,27.99,4180,26.72
07:36:03,27.99,4184,26.71
07:36:06,27.99,4188,26.69
07:36:09,27.99,4192,26.68
07:36:12,27.99,4196,26.66
07:36:15,27.99,4200,26.65
07:36:18,27.99,4204,26.63
07:36:21,27.99,4208,26.62
07:36:24,27.99,4212,26.60
07:36:27,27.99,4216,26.59
07:36:30,27.99,4220,26.57
07:36:33,27.99,4224,26.56
07:36:36,27.99,4228,26.54
07:36:39,27.99,4232,26.53
07:36:42,27.99,4236,26.51
07:36:45,27.99,4240,26.50
07:36:48,27.99,4244,26.48
07:36:51,27.99,4248,26.47
07:36:54,27.99,4252,26.45
07:36:57,27.99,4256,26.44
07:37:00,27.99,4260,26.42
07:37:03,27.99,4264,26.41
07:37:06,27.99,4268,26.39
07:37:09,27.99,4272,26.38
07:37:12,27.99,4276,26.36
07:37:15,27.99,4280,26.35
07:37:18,27.99,4284,26.33
07:37:21,27.99,4288,26.32
07:37:24,27.99,4292,26.30
07:37:27,27.99,4296,26.29
07:37:30,27.99,4300,26.27
07:37:33,27.99,4304,26.26
07:37:36,27.99,4308,26.24
07:37:39,27.99,4312,26.23
07:37:42,27.99,4316,26.21
07:37:45,27.99,4320,26.20
07:37:48,27.99,4324,26.18
07:37:51,27.99,4328,26.17
07:37:54,27.99,4332,26.15
07:37:57,27.99,4336,26.14
07:38:00,27.99,4340,26.12
07:38:03,27.99,4344,26.11
07:38:06,27.99,4348,26.09
07:38:09,27.99,4352,26.08
07:38:12,27.99,4356,26.06
07:38:15,27.99,4360,26.05
07:38:18,27.99,4364,26.03
07:38:21,27.99,4368,26.02
07:38:24,27.99,4372,26.00
07:38:27,27.99,4376,26.01
07:38:30,27.99,4380,26.03
07:38:33,27.99,4384,26.04
07:38:36,27.99,4388,26.06
07:38:39,27.99,4392,26.07
07:38:42,27.99,4396,26.09
07:38:45,27.99,4400,26.10
07:38:48,27.99,4404,26.12
07:38:51,27.99,4408,26.13
07:38:54,27.99,4412,26.15
07:38:57,27.99,4416,26.16
07:39:00,27.99,4420,26.18
07:39:03,27.99,4424,26.19
07:39:06,27.99,4428,26.21
07:39:09,27.99,4432,26.22
07:39:12,27.99,4436,26.24
07:39:15,27.99,4440,26.25
07:39:18,27.99,4444,26.27
07:39:21,27.99,4448,26.28
07:39:24,27.99,4452,26.30
07:39:27,27.99,4456,26.31
07:39:30,27.99,4460,26.33
07:39:33,27.99,4464,26.34
07:39:36,27.99,4468,26.36
07:39:39,27.99,4472,26.37
07:39:42,27.99,4476,26.39
07:39:45,27.99,4480,26.40
07:39:48,27.99,4484,26.42
07:39:51,27.99,4488,26.43
07:39:54,27.99,4492,26.45
07:39:57,27.99,4496,26.46
07:40:00,27.99,4500,26.48
07:40:03,27.99,4504,26.49
07:40:06,27.99,4508,26.51
07:40:09,27.99,4512,26.52
07:40:12,27.99,4516,26.54
07:40:15,27.99,4520,26.55
07:40:18,27.99,4524,26.57
07:40:21,27.99,4528,26.58
07:40:24,27.99,4532,26.60
07:40:27,27.99,4536,26.61
07:40:30,27.99,4540,26.63
07:40:33,27.99,4544,26.64
07:40:36,27.99,4548,26.66
07:40:39,27.99,4552,26.67
07:40:42,27.99,4556,26.69
07:40:45,27.99,4560,26.70
07:40:48,27.99,4564,26.72
07:40:51,27.99,4568,26.73
07:40:54,27.99,4572,26.75
07:40:57,27.99,4576,26.76
07:41:00,27.99,4580,26.78
07:41:03,27.99,4584,26.79
07:41:06,27.99,4588,26.81
07:41:09,27.99,4592,26.82
07:41:12,27.99,4596,26.84
07:41:15,27.99,4600,26.85
07:41:18,27.99,4604,26.87
07:41:21,27.99,4608,26.88
07:41:24,27.99,4612,26.90
07:41:27,27.99,4616,26.91
07:41:30,27.99,4620,26.93
07:41:33,27.99,4624,26.94
07:41:36,27.99,4628,26.96
07:41:39,27.99,4632,26.97
07:41:42,27.99,4636,26.99
07:41:45,27.99,4640,26.98
07:41:48,27.99,4644,26.96
07:41:51,27.99,4648,26.95
07:41:54,27.99,4652,26.93
07:41:57,27.99,4656,26.92
07:42:00,27.99,4660,26.90
07:42:03,27.99,4664,26.89
07:42:06,27.99,4668,26.87
07:42:09,27.99,4672,26.86
07:42:12,27.99,4676,26.84
07:42:15,27.99,4680,26.83
07:42:18,27.99,4684,26.81
07:42:21,27.99,4688,26.80
07:42:24,27.99,4692,26.78
07:42:27,27.99,4696,26.77
07:42:30,27.99,4700,26.75
07:42:33,27.99,4704,26.74
07:42:36,27.99,4708,26.72
07:42:39,27.99,4712,26.71
07:42:42,27.99,4716,26.69
07:42:45,27.99,4720,26.68
07:42:48,27.99,4724,26.66
07:42:51,27.99,4728,26.65
07:42:54,27.99,4732,26.63
07:42:57,27.99,4736,26.62
07:43:00,27.99,4740,26.60
07:43:03,27.99,4744,26.59
07:43:06,27.99,4748,26.57
07:43:09,27.99,4752,26.56
07:43:12,27.99,4756,26.54
07:43:15,27.99,4760,26.53
07:43:18,27.99,4764,26.51
07:43:21,27.99,4768,26.50
07:43:24,27.99,4772,26.48
07:43:27,27.99,4776,26.47
07:43:30,27.99,4780,26.45
07:43:33,27.99,4784,26.44
07:43:36,27.99,4788,26.42
07:43:39,27.99,4792,26.41
07:43:42,27.99,4796,26.39
07:43:45,27.99,4800,26.38
07:43:48,27.99,4804,26.36
07:43:51,27.99,4808,26.35
07:43:54,27.99,4812,26.33
07:43:57,27.99,4816,26.32
07:44:00,27.99,4820,26.30
07:44:03,27.99,4824,26.29
07:44:06,27.99,4828,26.27
07:44:09,27.99,4832,26.26
07:44:12,27.99,4836,26.24
07:44:15,27.99,4840,26.23
07:44:18,27.99,4844,26.21
07:44:21,27.99,4848,26.20
07:44:24,27.99,4852,26.18
07:44:27,27.99,4856,26.17
07:44:30,27.99,4860,26.15
07:44:33,27.99,4864,26.14
07:44:36,27.99,4868,26.12
07:44:39,27.99,4872,26.11
07:44:42,27.99,4876,26.09
07:44:45,27.99,4880,26.08
07:44:48,27.99,4884,26.06
07:44:51,27.99,4888,26.05
07:44:54,27.99,4892,26.03
07:44:57,27.99,4896,26.02
07:45:00,27.99,4900,26.00
07:45:03,27.99,4904,26.01
07:45:06,27.99,4908,26.03
07:45:09,27.99,4912,26.04
07:45:12,27.99,4916,26.06
07:45:15,27.99,4920,26.07
07:45:18,27.99,4924,26.09
07:45:21,27.99,4928,26.10
07:45:24,27.99,4932,26.12
07:45:27,27.99,4936,26.13
07:45:30,27.99,4940,26.15
07:45:33,27.99,4944,26.16
07:45:36,27.99,4948,26.18
07:45:39,27.99,4952,26.19
07:45:42,27.99,4956,26.21
07:45:45,27.99,4960,26.22
07:45:48,27.99,4964,26.24
07:45:51,27.99,4968,26.25
07:45:54,27.99,4972,26.27
07:45:57,27.99,4976,26.28
07:46:00,27.99,4980,26.30
07:46:03,27.99,4984,26.31
07:46:06,27.99,4988,26.33
07:46:09,27.99,4992,26.34
07:46:12,27.99,4996,26.36
07:46:15,27.99,5000,26.37
07:46:18,27.99,5004,26.39
07:46:21,27.99,5008,26.40
07:46:24,27.99,5012,26.42
07:46:27,27.99,5016,26.43
07:46:30,27.99,5020,26.45
07:46:33,27.99,5024,26.46
07:46:36,27.99,5028,26.48
07:46:39,27.99,5032,26.49
07:46:42,27.99,5036,26.51
07:46:45,27.99,5040,26.52
07:46:48,27.99,5044,26.54
07:46:51,27.99,5048,26.55
07:46:54,27.99,5052,26.57
07:46:57,27.99,5056,26.58
07:47:00,27.99,5060,26.60
07:47:03,27.99,5064,26.61
07:47:06,27.99,5068,26.63
07:47:09,27.99,5072,26.64
07:47:12,27.99,5076,26.66
07:47:15,27.99,5080,26.67
07:47:18,27.99,5084,26.69
07:47:21,27.99,5088,26.70
07:47:24,27.99,5092,26.72
07:47:27,27.99,5096,26.73
07:47:30,27.99,5100,26.75
07:47:33,27.99,5104,26.76
07:47:36,27.99,5108,26.78
07:47:39,27.99,5112,26.79
07:47:42,27.99,5116,26.81
07:47:45,27.99,5120,26.82
07:47:48,27.99,5124,26.84
07:47:51,27.99,5128,26.85
07:47:54,27.99,5132,26.87
07:47:57,27.99,5136,26.88
07:48:00,27.99,5140,26.90
07:48:03,27.99,5144,26.91
07:48:06,27.99,5148,26.93
07:48:09,27.99,5152,26.94
07:48:12,27.99,5156,26.96
07:48:15,27.99,5160,26.97
07:48:18,27.99,5164,26.99
07:48:21,27.99,5168,26.98
07:48:24,27.99,5172,26.96
07:48:27,27.99,5176,26.95
07:48:30,27.99,5180,26.93
07:48:33,27.99,5184,26.92
07:48:36,27.99,5188,26.90
07:48:39,27.99,5192,26.89
07:48:42,27.99,5196,26.87
07:48:45,27.99,5200,26.86
07:48:48,27.99,5204,26.84
07:48:51,27.99,5208,26.83
07:48:54,27.99,5212,26.81
07:48:57,27.99,5216,26.80
07:49:00,27.99,5220,26.78
07:49:03,27.99,5224,26.77
07:49:06,27.99,5228,26.75
07:49:09,27.99,5232,26.74
07:49:12,27.99,5236,26.72
07:49:15,27.99,5240,26.71
07:49:18,27.99,5244,26.69
07:49:21,27.99,5248,26.68
07:49:24,27.99,5252,26.66
07:49:27,27.99,5256,26.65
07:49:30,27.99,5260,26.63
07:49:33,27.99,5264,26.62
07:49:36,27.99,5268,26.60
07:49:39,27.99,5272,26.59
07:49:42,27.99,5276,26.57
07:49:45,27.99,5280,26.56
07:49:48,27.99,5284,26.54
07:49:51,27.99,5288,26.53
07:49:54,27.99,5292,26.51
07:49:57,27.99,5296,26.50
07:50:00,27.99,5300,26.48
07:50:03,27.99,5304,26.47
07:50:06,27.99,5308,26.45
07:50:09,27.99,5312,26.44
07:50:12,27.99,5316,26.42
07:50:15,27.99,5320,26.41
07:50:18,27.99,5324,26.39
07:50:21,27.99,5328,26.38
07:50:24,27.99,5332,26.36
07:50:27,27.99,5336,26.35
07:50:30,27.99,5340,26.33
07:50:33,27.99,5344,26.32
07:50:36,27.99,5348,26.30
07:50:39,27.99,5352,26.29
07:50:42,27.99,5356,26.27
07:50:45,27.99,5360,26.26
07:50:48,27.99,5364,26.24
07:50:51,27.99,5368,26.23
07:50:54,27.99,5372,26.21
07:50:57,27.99,5376,26.20
07:51:00,27.99,5380,26.18
07:51:03,27.99,5384,26.17
07:51:06,27.99,5388,26.15
07:51:09,27.99,5392,26.14
07:51:12,27.99,5396,26.12
07:51:15,27.99,5400,26.11
07:51:18,27.99,5404,26.09
07:51:21,27.99,5408,26.08
07:51:24,27.99,5412,26.06
07:51:27,27.99,5416,26.05
0-0:51:30,27.99,5420,26.03
07:51:33,27.99,5424,26.02
07:51:36,27.99,5428,26.00
07:51:39,27.99,5432,26.01
07:51:42,27.99,5436,26.03
07:51:45,27.99,5440,26.04
07:51:48,27.99,5444,26.06
07:51:51,27.99,5448,26.07
07:51:54,27.99,5452,26.09
07:51:57,27.99,5456,26.10
07:52:00,27.99,5460,26.12
07:52:03,27.99,5464,26.13
07:52:06,27.99,5468,26.15
07:52:09,27.99,5472,26.16
07:52:12,27.99,5476,26.18
07:52:15,27.99,5480,26.19
07:52:18,27.99,5484,26.21
07:52:21,27.99,5488,26.22
07:52:24,27.99,5492,26.24
07:52:27,27.99,5496,26.25
07:52:30,27.99,5500,26.27
07:52:33,27.99,5504,26.28
07:52:36,27.99,5508,26.30
07:52:39,27.99,5512,26.31
07:52:42,27.99,5516,26.33
07:52:45,27.99,5520,26.34
07:52:48,27.99,5524,26.36
07:52:51,27.99,5528,26.37
07:52:54,27.99,5532,26.39
07:52:57,27.99,5536,26.40
07:53:00,27.99,5540,26.42
07:53:03,27.99,5544,26.43
07:53:06,27.99,5548,26.45
07:53:09,27.99,5552,26.46
07:53:12,27.99,5556,26.48
07:53:15,27.99,5560,26.49
07:53:18,27.99,5564,26.51
07:53:21,27.99,5568,26.52
07:53:24,27.99,5572,26.54
07:53:27,27.99,5576,26.55
07:53:30,27.99,5580,26.57
07:53:33,27.99,5584,26.58
07:53:36,27.99,5588,26.60
07:53:39,27.99,5592,26.61
07:53:42,27.99,5596,26.63
07:53:45,27.99,5600,26.64
07:53:48,27.99,5604,26.66
07:53:51,27.99,5608,26.67
07:53:54,27.99,5612,26.69
07:53:57,27.99,5616,26.70
07:54:00,27.99,5620,26.72
07:54:03,27.99,5624,26.73
07:54:06,27.99,5628,26.75
07:54:09,27.99,5632,26.76
07:54:12,27.99,5636,26.78
07:54:15,27.99,5640,26.79
07:54:18,27.99,5644,26.81
07:54:21,27.99,5648,26.82
07:54:24,27.99,5652,26.84
07:54:27,27.99,5656,26.85
07:54:30,27.99,5660,26.87
07:54:33,27.99,5664,26.88
07:54:36,27.99,5668,26.90
07:54:39,27.99,5672,26.91
07:54:42,27.99,5676,26.93
07:54:45,27.99,5680,26.94
07:54:48,27.99,5684,26.96
07:54:51,27.99,5688,26.97
07:54:54,27.99,5692,26.99
07:54:57,27.99,5696,26.98
07:55:00,27.99,5700,26.96
07:55:03,27.99,5704,26.95
07:55:06,27.99,5708,26.93
07:55:09,27.99,5712,26.92
07:55:12,27.99,5716,26.90
07:55:15,27.99,5720,26.89
07:55:18,27.99,5724,26.87
07:55:21,27.99,5728,26.86
07:55:24,27.99,5732,26.84
07:55:27,27.99,5736,26.83
07:55:30,27.99,5740,26.81
07:55:33,27.99,5744,26.80
07:55:36,27.99,5748,26.78
07:55:39,27.99,5752,26.77
07:55:42,27.99,5756,26.75
07:55:45,27.99,5760,26.74
07:55:48,27.99,5764,26.72
07:55:51,27.99,5768,26.71
07:55:54,27.99,5772,26.69
07:55:57,27.99,5776,26.68
07:56:00,27.99,5780,26.66
07:56:03,27.99,5784,26.65
07:56:06,27.99,5788,26.63
07:56:09,27.99,5792,26.62
07:56:12,27.99,5796,26.60
07:56:15,27.99,5800,26.59
07:56:18,27.99,5804,26.57
07:56:21,27.99,5808,26.56
07:56:24,27.99,5812,26.54
07:56:27,27.99,5816,26.53
07:56:30,27.99,5820,26.51
07:56:33,27.99,5824,26.50
07:56:36,27.99,5828,26.48
07:56:39,27.99,5832,26.47
07:56:42,27.99,5836,26.45
07:56:45,27.99,5840,26.44
07:56:48,27.99,5844,26.42
07:56:51,27.99,5848,26.41
07:56:54,27.99,5852,26.39
07:56:57,27.99,5856,26.38
07:57:00,27.99,5860,26.36
07:57:03,27.99,5864,26.35
07:57:06,27.99,5868,26.33
07:57:09,27.99,5872,26.32
07:57:12,27.99,5876,26.30
07:57:15,27.99,5880,26.29
07:57:18,27.99,5884,26.27
07:57:21,27.99,5888,26.26
07:57:24,27.99,5892,26.24
07:57:27,27.99,5896,26.23
07:57:30,27.99,5900,26.21
07:57:33,27.99,5904,26.20
07:57:36,27.99,5908,26.18
07:57:39,27.99,5912,26.17
07:57:42,27.99,5916,26.15
07:57:45,27.99,5920,26.14
07:57:48,27.99,5924,26.12
07:57:51,27.99,5928,26.11
07:57:54,27.99,5932,26.09
07:57:57,27.99,5936,26.08
07:58:00,27.99,5940,26.06
07:58:03,27.99,5944,26.05
07:58:06,27.99,5948,26.03
07:58:09,27.99,5952,26.02
07:58:12,27.99,5956,26.00
07:58:15,27.99,5960,26.01
07:58:18,27.99,5964,26.03
07:58:21,27.99,5968,26.04
07:58:24,27.99,5972,26.06
07:58:27,27.99,5976,26.07
07:58:30,27.99,5980,26.09
07:58:33,27.99,5984,26.10
07:58:36,27.99,5988,26.12
07:58:39,27.99,5992,26.13
07:58:42,27.99,5996,26.15
07:58:45,27.99,6000,26.16
07:58:48,27.99,6004,26.18
07:58:51,27.99,6008,26.19
07:58:54,27.99,6012,26.21
07:58:57,27.99,6016,26.22
07:59:00,27.99,6020,26.24
07:59:03,27.99,6024,26.25
07:59:06,27.99,6028,26.27
07:59:09,27.99,6032,26.28
07:59:12,27.99,6036,26.30
07:59:15,27.99,6040,26.31
07:59:18,27.99,6044,26.33
07:59:21,27.99,6048,26.34
07:59:24,27.99,6052,26.36
07:59:27,27.99,6056,26.37
07:59:30,27.99,6060,26.39
07:59:33,27.99,6064,26.40
07:59:36,27.99,6068,26.42
07:59:39,27.99,6072,26.43
07:59:42,27.99,6076,26.45
07:59:45,27.99,6080,26.46
07:59:48,27.99,6084,26.48
07:59:51,27.99,6088,26.49
07:59:54,27.99,6092,26.51
07:59:57,27.88,6096,26.35