hora,temp,light,soil
14:00:00,27.98,205000,23.45
14:00:03,27.97,204961,23.47
14:00:06,27.98,204925,23.46
14:00:09,27.96,204888,23.43
14:00:12,27.97,204850,23.41
14:00:15,27.95,204812,23.42
14:00:18,27.96,204775,23.40
14:00:21,27.94,204738,23.38
14:00:24,27.95,204701,23.39
14:00:27,27.93,204663,23.37
14:00:30,27.94,204626,23.35
14:00:33,27.92,204589,23.36
14:00:36,27.93,204551,23.34
14:00:39,27.91,204514,23.32
14:00:42,27.92,204477,23.33
14:00:45,27.90,204440,23.31
14:00:48,27.91,204402,23.29
14:00:51,27.89,204365,23.30
14:00:54,27.90,204328,23.28
14:00:57,27.88,204291,23.26
14:01:00,27.89,204253,23.27
14:01:03,27.87,204216,23.25
14:01:06,27.88,204179,23.23
14:01:09,27.86,204142,23.24
14:01:12,27.87,204104,23.22
14:01:15,27.85,204067,23.20
14:01:18,27.86,204030,23.21
14:01:21,27.84,203993,23.19
14:01:24,27.85,203955,23.17
14:01:27,27.83,203918,23.18
14:01:30,27.84,203881,23.16
14:01:33,27.82,203844,23.14
14:01:36,27.83,203806,23.15
14:01:39,27.81,203769,23.13
14:01:42,27.82,203732,23.11
14:01:45,27.80,203695,23.12
14:01:48,27.81,203657,23.10
14:01:51,27.79,203620,23.08
14:01:54,27.80,203583,23.09
14:01:57,27.78,203546,23.07
14:02:00,27.79,203508,23.05
14:02:03,27.77,203471,23.06
14:02:06,27.78,203434,23.04
14:02:09,27.76,203397,23.02
14:02:12,27.77,203359,23.03
14:02:15,27.75,203322,23.01
14:02:18,27.76,203285,23.00
14:02:21,27.74,203248,23.01
14:02:24,27.75,203210,23.03
14:02:27,27.73,203173,23.05
14:02:30,27.74,203136,23.07
14:02:33,27.72,203099,23.09
14:02:36,27.73,203061,23.11
14:02:39,27.71,203024,23.13
14:02:42,27.72,202987,23.15
14:02:45,27.70,202950,23.17
14:02:48,27.71,202912,23.19
14:02:51,27.69,202875,23.21
14:02:54,27.70,202838,23.23
14:02:57,27.68,202801,23.25
14:03:00,27.69,202763,23.27
14:03:03,27.67,202726,23.29
14:03:06,27.68,202689,23.31
14:03:09,27.66,202652,23.33
14:03:12,27.67,202614,23.35
14:03:15,27.65,202577,23.37
14:03:18,27.66,202540,23.39
14:03:21,27.64,202503,23.41
14:03:24,27.65,202465,23.43
14:03:27,27.63,202428,23.45
14:03:30,27.64,202391,23.47
14:03:33,27.62,202354,23.49
14:03:36,27.63,202316,23.51
14:03:39,27.61,202279,23.53
14:03:42,27.62,202242,23.55
14:03:45,27.60,202205,23.57
14:03:48,27.61,202167,23.59
14:03:51,27.59,202130,23.61
14:03:54,27.60,202093,23.63
14:03:57,27.58,202056,23.65
14:04:00,27.59,202018,23.67
14:04:03,27.57,201981,23.69
14:04:06,27.58,201944,23.71
14:04:09,27.56,201907,23.73
14:04:12,27.57,201869,23.75
14:04:15,27.55,201832,23.77
14:04:18,27.56,201795,23.79
14:04:21,27.54,201758,23.81
14:04:24,27.55,201720,23.83
14:04:27,27.53,201683,23.85
14:04:30,27.54,201646,23.87
14:04:33,27.52,201609,23.89
14:04:36,27.53,201571,23.91
14:04:39,27.51,201534,23.93
14:04:42,27.52,201497,23.95
14:04:45,27.50,201460,23.97
14:04:48,27.51,201422,23.99
14:04:51,27.49,201385,23.98
14:04:54,27.50,201348,23.96
14:04:57,27.48,201311,23.94
14:05:00,27.49,201273,23.92
14:05:03,27.47,201236,23.90
14:05:06,27.48,201199,23.88
14:05:09,27.46,201162,23.86
14:05:12,27.47,201124,23.84
14:05:15,27.45,201087,23.82
14:05:18,27.46,201050,23.80
14:05:21,27.44,201013,23.78
14:05:24,27.45,200975,23.76
14:05:27,27.43,200938,23.74
14:05:30,27.44,200901,23.72
14:05:33,27.42,200864,23.70
14:05:36,27.43,200826,23.68
14:05:39,27.41,200789,23.66
14:05:42,27.42,200752,23.64
14:05:45,27.40,200715,23.62
14:05:48,27.41,200677,23.60
14:05:51,27.39,200640,23.58
14:05:54,27.40,200603,23.56
14:05:57,27.38,200566,23.54
14:06:00,27.39,200528,23.52
14:06:03,27.37,200491,23.50
14:06:06,27.38,200454,23.48
14:06:09,27.36,200417,23.46
14:06:12,27.37,200379,23.44
14:06:15,27.35,200342,23.42
14:06:18,27.36,200305,23.40
14:06:21,27.34,200268,23.38
14:06:24,27.35,200230,23.36
14:06:27,27.33,200193,23.34
14:06:30,27.34,200156,23.32
14:06:33,27.32,200119,23.30
14:06:36,27.33,200081,23.28
14:06:39,27.31,200044,23.26
14:06:42,27.32,200007,23.24
14:06:45,27.30,199970,23.22
14:06:48,27.31,199932,23.20
14:06:51,27.29,199895,23.18
14:06:54,27.30,199858,23.16
14:06:57,27.28,199821,23.14
14:07:00,27.29,199783,23.12
14:07:03,27.27,199746,23.10
14:07:06,27.28,199709,23.08
14:07:09,27.26,199672,23.06
14:07:12,27.27,199634,23.04
14:07:15,27.25,199597,23.02
14:07:18,27.26,199560,23.00
14:07:21,27.24,199523,23.01
14:07:24,27.25,199485,23.03
14:07:27,27.23,199448,23.05
14:07:30,27.24,199411,23.07
14:07:33,27.22,199374,23.09
14:07:36,27.23,199336,23.11
14:07:39,27.21,199299,23.13
14:07:42,27.22,199262,23.15
14:07:45,27.20,199225,23.17
14:07:48,27.21,199187,23.19
14:07:51,27.19,199150,23.21
14:07:54,27.20,199113,23.23
14:07:57,27.18,199076,23.25
14:08:00,27.19,199038,23.27
14:08:03,27.17,199001,23.29
14:08:06,27.18,198964,23.31
14:08:09,27.16,198927,23.33
14:08:12,27.17,198889,23.35
14:08:15,27.15,198852,23.37
14:08:18,27.16,198815,23.39
14:08:21,27.14,198778,23.41
14:08:24,27.15,198740,23.43
14:08:27,27.13,198703,23.45
14:08:30,27.14,198666,23.47
14:08:33,27.12,198629,23.49
14:08:36,27.13,198591,23.51
14:08:39,27.11,198554,23.53
14:08:42,27.12,198517,23.55
14:08:45,27.10,198480,23.57
14:08:48,27.11,198442,23.59
14:08:51,27.09,198405,23.61
14:08:54,27.10,198368,23.63
14:08:57,27.08,198331,23.65
14:09:00,27.09,198293,23.67
14:09:03,27.07,198256,23.69
14:09:06,27.08,198219,23.71
14:09:09,27.06,198182,23.73
14:09:12,27.07,198144,23.75
14:09:15,27.05,198107,23.77
14:09:18,27.06,198070,23.79
14:09:21,27.04,198033,23.81
14:09:24,27.05,197995,23.83
14:09:27,27.03,197958,23.85
14:09:30,27.04,197921,23.87
14:09:33,27.02,197884,23.89
14:09:36,27.03,197846,23.91
14:09:39,27.01,197809,23.93
14:09:42,27.02,197772,23.95
14:09:45,27.00,197735,23.97
14:09:48,27.01,197697,23.99
14:09:51,26.99,197660,23.98
14:09:54,27.00,197623,23.96
14:09:57,26.98,197586,23.94
14:10:00,26.99,197548,23.92
14:10:03,26.97,197511,23.90
14:10:06,26.98,197474,23.88
14:10:09,26.96,197437,23.86
14:10:12,26.97,197399,23.84
14:10:15,26.95,197362,23.82
14:10:18,26.96,197325,23.80
14:10:21,26.94,197288,23.78
14:10:24,26.95,197250,23.76
14:10:27,26.93,197213,23.74
14:10:30,26.94,197176,23.72
14:10:33,26.92,197139,23.70
14:10:36,26.93,197101,23.68
14:10:39,26.91,197064,23.66
14:10:42,26.92,197027,23.64
14:10:45,26.90,196990,23.62
14:10:48,26.91,196952,23.60
14:10:51,26.89,196915,23.58
14:10:54,26.90,196878,23.56
14:10:57,26.88,196841,23.54
14:11:00,26.89,196803,23.52
14:11:03,26.87,196766,23.50
14:11:06,26.88,196729,23.48
14:11:09,26.86,196692,23.46
14:11:12,26.87,196654,23.44
14:11:15,26.85,196617,23.42
14:11:18,26.86,196580,23.40
14:11:21,26.84,196543,23.38
14:11:24,26.85,196505,23.36
14:11:27,26.83,196468,23.34
14:11:30,26.84,196431,23.32
14:11:33,26.82,196394,23.30
14:11:36,26.83,196356,23.28
14:11:39,26.81,196319,23.26
14:11:42,26.82,196282,23.24
14:11:45,26.80,196245,23.22
14:11:48,26.81,196207,23.20
14:11:51,26.79,196170,23.18
14:11:54,26.80,196133,23.16
14:11:57,26.78,196096,23.14
14:12:00,26.79,196058,23.12
14:12:03,26.77,196021,23.10
14:12:06,26.78,195984,23.08
14:12:09,26.76,195947,23.06
14:12:12,26.77,195909,23.04
14:12:15,26.75,195872,23.02
14:12:18,26.76,195835,23.00
14:12:21,26.74,195798,23.01
14:12:24,26.75,195760,23.03
14:12:27,26.73,195723,23.05
14:12:30,26.74,195686,23.07
14:12:33,26.72,195649,23.09
14:12:36,26.73,195611,23.11
14:12:39,26.71,195574,23.13
14:12:42,26.72,195537,23.15
14:12:45,26.70,195500,23.17
14:12:48,26.71,195462,23.19
14:12:51,26.69,195425,23.21
14:12:54,26.70,195388,23.23
14:12:57,26.68,195351,23.25
14:13:00,26.69,195313,23.27
14:13:03,26.67,195276,23.29
14:13:06,26.68,195239,23.31
14:13:09,26.66,195202,23.33
14:13:12,26.67,195164,23.35
14:13:15,26.65,195127,23.37
14:13:18,26.66,195090,23.39
14:13:21,26.64,195053,23.41
14:13:24,26.65,195015,23.43
14:13:27,26.63,194978,23.45
14:13:30,26.64,194941,23.47
14:13:33,26.62,194904,23.49
14:13:36,26.63,194866,23.51
14:13:39,26.61,194829,23.53
14:13:42,26.62,194792,23.55
14:13:45,26.60,194755,23.57
14:13:48,26.61,194717,23.59
14:13:51,26.59,194680,23.61
14:13:54,26.60,194643,23.63
14:13:57,26.58,194606,23.65
14:14:00,26.59,194568,23.67
14:14:03,26.57,194531,23.69
14:14:06,26.58,194494,23.71
14:14:09,26.56,194457,23.73
14:14:12,26.57,194419,23.75
14:14:15,26.55,194382,23.77
14:14:18,26.56,194345,23.79
14:14:21,26.54,194308,23.81
14:14:24,26.55,194270,23.83
14:14:27,26.53,194233,23.85
14:14:30,26.54,194196,23.87
14:14:33,26.52,194159,23.89
14:14:36,26.53,194121,23.91
14:14:39,26.51,194084,23.93
14:14:42,26.52,194047,23.95
14:14:45,26.50,194010,23.97
14:14:48,26.51,193972,23.99
14:14:51,26.49,193935,23.98
14:14:54,26.50,193898,23.96
14:14:57,26.48,193861,23.94
14:15:00,26.49,193823,23.92
14:15:03,26.47,193786,23.90
14:15:06,26.48,193749,23.88
14:15:09,26.46,193712,23.86
14:15:12,26.47,193674,23.84
14:15:15,26.45,193637,23.82
14:15:18,26.46,193600,23.80
14:15:21,26.44,193563,23.78
14:15:24,26.45,193525,23.76
14:15:27,26.43,193488,23.74
14:15:30,26.44,193451,23.72
14:15:33,26.42,193414,23.70
14:15:36,26.43,193376,23.68
14:15:39,26.41,193339,23.66
14:15:42,26.42,193302,23.64
14:15:45,26.40,193265,23.62
14:15:48,26.41,193227,23.60
14:15:51,26.39,193190,23.58
14:15:54,26.40,193153,23.56
14:15:57,26.38,193116,23.54
14:16:00,26.39,193078,23.52
14:16:03,26.37,193041,23.50
14:16:06,26.38,193004,23.48
14:16:09,26.36,192967,23.46
14:16:12,26.37,192929,23.44
14:16:15,26.35,192892,23.42
14:16:18,26.36,192855,23.40
14:16:21,26.34,192818,23.38
14:16:24,26.35,192780,23.36
14:16:27,26.33,192743,23.34
14:16:30,26.34,192706,23.32
14:16:33,26.32,192669,23.30
14:16:36,26.33,192631,23.28
14:16:39,26.31,192594,23.26
14:16:42,26.32,192557,23.24
14:16:45,26.30,192520,23.22
14:16:48,26.31,192482,23.20
14:16:51,26.29,192445,23.18
14:16:54,26.30,192408,23.16
14:16:57,26.28,192371,23.14
14:17:00,26.29,192333,23.12
14:17:03,26.27,192296,23.10
14:17:06,26.28,192259,23.08
14:17:09,26.26,192222,23.06
14:17:12,26.27,192184,23.04
14:17:15,26.25,192147,23.02
14:17:18,26.26,192110,23.00
14:17:21,26.24,192073,23.01
14:17:24,26.25,192035,23.03
14:17:27,26.23,191998,23.05
14:17:30,26.24,191961,23.07
14:17:33,26.22,191924,23.09
14:17:36,26.23,191886,23.11
14:17:39,26.21,191849,23.13
14:17:42,26.22,191812,23.15
14:17:45,26.20,191775,23.17
14:17:48,26.21,191737,23.19
14:17:51,26.19,191700,23.21
14:17:54,26.20,191663,23.23
14:17:57,26.18,191626,23.25
14:18:00,26.19,191588,23.27
14:18:03,26.17,191551,23.29
14:18:06,26.18,191514,23.31
14:18:09,26.16,191477,23.33
14:18:12,26.17,191439,23.35
14:18:15,26.15,191402,23.37
14:18:18,26.16,191365,23.39
14:18:21,26.14,191328,23.41
14:18:24,26.15,191290,23.43
14:18:27,26.13,191253,23.45
14:18:30,26.14,191216,23.47
14:18:33,26.12,191179,23.49
14:18:36,26.13,191141,23.51
14:18:39,26.11,191104,23.53
14:18:42,26.12,191067,23.55
14:18:45,26.10,191030,23.57
14:18:48,26.11,190992,23.59
14:18:51,26.09,190955,23.61
14:18:54,26.10,190918,23.63
14:18:57,26.08,190881,23.65
14:19:00,26.09,190843,23.67
14:19:03,26.07,190806,23.69
14:19:06,26.08,190769,23.71
14:19:09,26.06,190732,23.73
14:19:12,26.07,190694,23.75
14:19:15,26.05,190657,23.77
14:19:18,26.06,190620,23.79
14:19:21,26.04,190583,23.81
14:19:24,26.05,190545,23.83
14:19:27,26.03,190508,23.85
14:19:30,26.04,190471,23.87
14:19:33,26.02,190434,23.89
14:19:36,26.03,190396,23.91
14:19:39,26.01,190359,23.93
14:19:42,26.02,190322,23.95
14:19:45,26.00,190285,23.97
14:19:48,26.01,190247,23.99
14:19:51,25.99,190210,23.98
14:19:54,26.00,190173,23.96
14:19:57,25.98,190136,23.94
14:20:00,25.99,190098,23.92
14:20:03,25.97,190061,23.90
14:20:06,25.98,190024,23.88
14:20:09,25.96,189987,23.86
14:20:12,25.97,189949,23.84
14:20:15,25.95,189912,23.82
14:20:18,25.96,189875,23.80
14:20:21,25.94,189838,23.78
14:20:24,25.95,189800,23.76
14:20:27,25.93,189763,23.74
14:20:30,25.94,189726,23.72
14:20:33,25.92,189689,23.70
14:20:36,25.93,189651,23.68
14:20:39,25.91,189614,23.66
14:20:42,25.92,189577,23.64
14:20:45,25.90,189540,23.62
14:20:48,25.91,189502,23.60
14:20:51,25.89,189465,23.58
14:20:54,25.90,189428,23.56
14:20:57,25.88,189391,23.54
14:21:00,25.89,189353,23.52
14:21:03,25.87,189316,23.50
14:21:06,25.88,189279,23.48
14:21:09,25.86,189242,23.46
14:21:12,25.87,189204,23.44
14:21:15,25.85,189167,23.42
14:21:18,25.86,189130,23.40
14:21:21,25.84,189093,23.38
14:21:24,25.85,189055,23.36
14:21:27,25.83,189018,23.34
14:21:30,25.84,188981,23.32
14:21:33,25.82,188944,23.30
14:21:36,25.83,188906,23.28
14:21:39,25.81,188869,23.26
14:21:42,25.82,188832,23.24
14:21:45,25.80,188795,23.22
14:21:48,25.81,188757,23.20
14:21:51,25.79,188720,23.18
14:21:54,25.80,188683,23.16
14:21:57,25.78,188646,23.14
14:22:00,25.79,188608,23.12
14:22:03,25.77,188571,23.10
14:22:06,25.78,188534,23.08
14:22:09,25.76,188497,23.06
14:22:12,25.77,188459,23.04
14:22:15,25.75,188422,23.02
14:22:18,25.76,188385,23.00
14:22:21,25.74,188348,23.01
14:22:24,25.75,188310,23.03
14:22:27,25.73,188273,23.05
14:22:30,25.74,188236,23.07
14:22:33,25.72,188199,23.09
14:22:36,25.73,188161,23.11
14:22:39,25.71,188124,23.13
14:22:42,25.72,188087,23.15
14:22:45,25.70,188050,23.17
14:22:48,25.71,188012,23.19
14:22:51,25.69,187975,23.21
14:22:54,25.70,187938,23.23
14:22:57,25.68,187901,23.25
14:23:00,25.69,187863,23.27
14:23:03,25.67,187826,23.29
14:23:06,25.68,187789,23.31
14:23:09,25.66,187752,23.33
14:23:12,25.67,187714,23.35
14:23:15,25.65,187677,23.37
14:23:18,25.66,187640,23.39
14:23:21,25.64,187603,23.41
14:23:24,25.65,187565,23.43
14:23:27,25.63,187528,23.45
14:23:30,25.64,187491,23.47
14:23:33,25.62,187454,23.49
14:23:36,25.63,187416,23.51
14:23:39,25.61,187379,23.53
14:23:42,25.62,187342,23.55
14:23:45,25.60,187305,23.57
14:23:48,25.61,187267,23.59
14:23:51,25.59,187230,23.61
14:23:54,25.60,187193,23.63
14:23:57,25.58,187156,23.65
14:24:00,25.59,187118,23.67
14:24:03,25.57,187081,23.69
14:24:06,25.58,187044,23.71
14:24:09,25.56,187007,23.73
14:24:12,25.57,186969,23.75
14:24:15,25.55,186932,23.77
14:24:18,25.56,186895,23.79
14:24:21,25.54,186858,23.81
14:24:24,25.55,186820,23.83
14:24:27,25.53,186783,23.85
14:24:30,25.54,186746,23.87
14:24:33,25.52,186709,23.89
14:24:36,25.53,186671,23.91
14:24:39,25.51,186634,23.93
14:24:42,25.52,186597,23.95
14:24:45,25.50,186560,23.97
14:24:48,25.51,186522,23.99
14:24:51,25.49,186485,23.98
14:24:54,25.50,186448,23.96
14:24:57,25.48,186411,23.94
14:25:00,25.49,186373,23.92
14:25:03,25.47,186336,23.90
14:25:06,25.48,186299,23.88
14:25:09,25.46,186262,23.86
14:25:12,25.47,186224,23.84
14:25:15,25.45,186187,23.82
14:25:18,25.46,186150,23.80
14:25:21,25.44,186113,23.78
14:25:24,25.45,186075,23.76
14:25:27,25.43,186038,23.74
14:25:30,25.44,186001,23.72
14:25:33,25.42,185964,23.70
14:25:36,25.43,185926,23.68
14:25:39,25.41,185889,23.66
14:25:42,25.42,185852,23.64
14:25:45,25.40,185815,23.62
14:25:48,25.41,185777,23.60
14:25:51,25.39,185740,23.58
14:25:54,25.40,185703,23.56
14:25:57,25.38,185666,23.54
14:26:00,25.39,185628,23.52
14:26:03,25.37,185591,23.50
14:26:06,25.38,185554,23.48
14:26:09,25.36,185517,23.46
14:26:12,25.37,185479,23.44
14:26:15,25.35,185442,23.42
14:26:18,25.36,185405,23.40
14:26:21,25.34,185368,23.38
14:26:24,25.35,185330,23.36
14:26:27,25.33,185293,23.34
14:26:30,25.34,185256,23.32
14:26:33,25.32,185219,23.30
14:26:36,25.33,185181,23.28
14:26:39,25.31,185144,23.26
14:26:42,25.32,185107,23.24
14:26:45,25.30,185070,23.22
14:26:48,25.31,185032,23.20
14:26:51,25.29,184995,23.18
14:26:54,25.30,184958,23.16
14:26:57,25.28,184921,23.14
14:27:00,25.29,184883,23.12
14:27:03,25.27,184846,23.10
14:27:06,25.28,184809,23.08
14:27:09,25.26,184772,23.06
14:27:12,25.27,184734,23.04
14:27:15,25.25,184697,23.02
14:27:18,25.26,184660,23.00
14:27:21,25.24,184623,23.01
14:27:24,25.25,184585,23.03
14:27:27,25.23,184548,23.05
14:27:30,25.24,184511,23.07
14:27:33,25.22,184474,23.09
14:27:36,25.23,184436,23.11
14:27:39,25.21,184399,23.13
14:27:42,25.22,184362,23.15
14:27:45,25.20,184325,23.17
14:27:48,25.21,184287,23.19
14:27:51,25.19,184250,23.21
14:27:54,25.20,184213,23.23
14:27:57,25.18,184176,23.25
14:28:00,25.19,184138,23.27
14:28:03,25.17,184101,23.29
14:28:06,25.18,184064,23.31
14:28:09,25.16,184027,23.33
14:28:12,25.17,183989,23.35
14:28:15,25.15,183952,23.37
14:28:18,25.16,183915,23.39
14:28:21,25.14,183878,23.41
14:28:24,25.15,183840,23.43
14:28:27,25.13,183803,23.45
14:28:30,25.14,183766,23.47
14:28:33,25.12,183729,23.49
14:28:36,25.13,183691,23.51
14:28:39,25.11,183654,23.53
14:28:42,25.12,183617,23.55
14:28:45,25.10,183580,23.57
14:28:48,25.11,183542,23.59
14:28:51,25.09,183505,23.61
14:28:54,25.10,183468,23.63
14:28:57,25.08,183431,23.65
14:29:00,25.09,183393,23.67
14:29:03,25.07,183356,23.69
14:29:06,25.08,183319,23.71
14:29:09,25.06,183282,23.73
14:29:12,25.07,183244,23.75
14:29:15,25.05,183207,23.77
14:29:18,25.06,183170,23.79
14:29:21,25.04,183133,23.81
14:29:24,25.05,183095,23.83
14:29:27,25.03,183058,23.85
14:29:30,25.04,183021,23.87
14:29:33,25.02,182984,23.89
14:29:36,25.03,182946,23.91
14:29:39,25.01,182909,23.93
14:29:42,25.02,182872,23.95
14:29:45,25.00,182835,23.97
14:29:48,25.01,182797,23.99
14:29:51,24.99,182760,23.98
14:29:54,25.00,182723,23.96
14:29:57,24.98,182686,23.94
14:30:00,24.99,182648,23.92
14:30:03,24.97,182611,23.90
14:30:06,24.98,182574,23.88
14:30:09,24.96,182537,23.86
14:30:12,24.97,182499,23.84
14:30:15,24.95,182462,23.82
14:30:18,24.96,182425,23.80
14:30:21,24.94,182388,23.78
14:30:24,24.95,182350,23.76
14:30:27,24.93,182313,23.74
14:30:30,24.94,182276,23.72
14:30:33,24.92,182239,23.70
14:30:36,24.93,182201,23.68
14:30:39,24.91,182164,23.66
14:30:42,24.92,182127,23.64
14:30:45,24.90,182090,23.62
14:30:48,24.91,182052,23.60
14:30:51,24.89,182015,23.58
14:30:54,24.90,181978,23.56
14:30:57,24.88,181941,23.54
14:31:00,24.89,181903,23.52
14:31:03,24.87,181866,23.50
14:31:06,24.88,181829,23.48
14:31:09,24.86,181792,23.46
14:31:12,24.87,181754,23.44
14:31:15,24.85,181717,23.42
14:31:18,24.86,181680,23.40
14:31:21,24.84,181643,23.38
14:31:24,24.85,181605,23.36
14:31:27,24.83,181568,23.34
14:31:30,24.84,181531,23.32
14:31:33,24.82,181494,23.30
14:31:36,24.83,181456,23.28
14:31:39,24.81,181419,23.26
14:31:42,24.82,181382,23.24
14:31:45,24.80,181345,23.22
14:31:48,24.81,181307,23.20
14:31:51,24.79,181270,23.18
14:31:54,24.80,181233,23.16
14:31:57,24.78,181196,23.14
14:32:00,24.79,181158,23.12
14:32:03,24.77,181121,23.10
14:32:06,24.78,181084,23.08
14:32:09,24.76,181047,23.06
14:32:12,24.77,181009,23.04
14:32:15,24.75,180972,23.02
14:32:18,24.76,180935,23.00
14:32:21,24.74,180898,23.01
14:32:24,24.75,180860,23.03
14:32:27,24.73,180823,23.05
14:32:30,24.74,180786,23.07
14:32:33,24.72,180749,23.09
14:32:36,24.73,180711,23.11
14:32:39,24.71,180674,23.13
14:32:42,24.72,180637,23.15
14:32:45,24.70,180600,23.17
14:32:48,24.71,180562,23.19
14:32:51,24.69,180525,23.21
14:32:54,24.70,180488,23.23
14:32:57,24.68,180451,23.25
14:33:00,24.69,180413,23.27
14:33:03,24.67,180376,23.29
14:33:06,24.68,180339,23.31
14:33:09,24.66,180302,23.33
14:33:12,24.67,180264,23.35
14:33:15,24.65,180227,23.37
14:33:18,24.66,180190,23.39
14:33:21,24.64,180153,23.41
14:33:24,24.65,180115,23.43
14:33:27,24.63,180078,23.45
14:33:30,24.64,180041,23.47
14:33:33,24.62,180004,23.49
14:33:36,24.63,179966,23.51
14:33:39,24.61,179929,23.53
14:33:42,24.62,179892,23.55
14:33:45,24.60,179855,23.57
14:33:48,24.61,179817,23.59
14:33:51,24.59,179780,23.61
14:33:54,24.60,179743,23.63
14:33:57,24.58,179706,23.65
14:34:00,24.59,179668,23.67
14:34:03,24.57,179631,23.69
14:34:06,24.58,179594,23.71
14:34:09,24.56,179557,23.73
14:34:12,24.57,179519,23.75
14:34:15,24.55,179482,23.77
14:34:18,24.56,179445,23.79
14:34:21,24.54,179408,23.81
14:34:24,24.55,179370,23.83
14:34:27,24.53,179333,23.85
14:34:30,24.54,179296,23.87
14:34:33,24.52,179259,23.89
14:34:36,24.53,179221,23.91
14:34:39,24.51,179184,23.93
14:34:42,24.52,179147,23.95
14:34:45,24.50,179110,23.97
14:34:48,24.51,179072,23.99
14:34:51,24.49,179035,23.98
14:34:54,24.50,178998,23.96
14:34:57,24.48,178961,23.94
14:35:00,24.49,178923,23.92
14:35:03,24.47,178886,23.90
14:35:06,24.48,178849,23.88
14:35:09,24.46,178812,23.86
14:35:12,24.47,178774,23.84
14:35:15,24.45,178737,23.82
14:35:18,24.46,178700,23.80
14:35:21,24.44,178663,23.78
14:35:24,24.45,178625,23.76
14:35:27,24.43,187588,23.74
14:35:30,24.44,187551,23.72
14:35:33,24.42,187514,23.70
14:35:36,24.43,187476,23.68
14:35:39,24.41,187439,23.66
14:35:42,24.42,187402,23.64
14:35:45,24.40,187365,23.62
14:35:48,24.41,187327,23.60
14:35:51,24.39,187290,23.58
14:35:54,24.40,187253,23.56
14:35:57,24.38,187216,23.54
14:36:00,24.39,187178,23.52
14:36:03,24.37,187141,23.50
14:36:06,24.38,187104,23.48
14:36:09,24.36,187067,23.46
14:36:12,24.37,187029,23.44
14:36:15,24.35,186992,23.42
14:36:18,24.36,186955,23.40
14:36:21,24.34,186918,23.38
14:36:24,24.35,186880,23.36
14:36:27,24.33,186843,23.34
14:36:30,24.34,186806,23.32
14:36:33,24.32,186769,23.30
14:36:36,24.33,186731,23.28
14:36:39,24.31,186694,23.26
14:36:42,24.32,186657,23.24
14:36:45,24.30,186620,23.22
14:36:48,24.31,186582,23.20
14:36:51,24.29,186545,23.18
14:36:54,24.30,186508,23.16
14:36:57,24.28,186471,23.14
14:37:00,24.29,186433,23.12
14:37:03,24.27,186396,23.10
14:37:06,24.28,186359,23.08
14:37:09,24.26,186322,23.06
14:37:12,24.27,186284,23.04
14:37:15,24.25,186247,23.02
14:37:18,24.26,186210,23.00
14:37:21,24.24,186173,23.01
14:37:24,24.25,186135,23.03
14:37:27,24.23,186098,23.05
14:37:30,24.24,186061,23.07
14:37:33,24.22,186024,23.09
14:37:36,24.23,185986,23.11
14:37:39,24.21,185949,23.13
14:37:42,24.22,185912,23.15
14:37:45,24.20,185875,23.17
14:37:48,24.21,185837,23.19
14:37:51,24.19,185800,23.21
14:37:54,24.20,185763,23.23
14:37:57,24.18,185726,23.25
14:38:00,24.19,185688,23.27
14:38:03,24.17,185651,23.29
14:38:06,24.18,185614,23.31
14:38:09,24.16,185577,23.33
14:38:12,24.17,185539,23.35
14:38:15,24.15,185502,23.37
14:38:18,24.16,185465,23.39
14:38:21,24.14,185428,23.41
14:38:24,24.15,185390,23.43
14:38:27,24.13,185353,23.45
14:38:30,24.14,185316,23.47
14:38:33,24.12,185279,23.49
14:38:36,24.13,185241,23.51
14:38:39,24.11,185204,23.53
14:38:42,24.12,185167,23.55
14:38:45,24.10,185130,23.57
14:38:48,24.11,185092,23.59
14:38:51,24.09,185055,23.61
14:38:54,24.10,185018,23.63
14:38:57,24.08,184981,23.65
14:39:00,24.09,184943,23.67
14:39:03,24.07,184906,23.69
14:39:06,24.08,184869,23.71
14:39:09,24.06,184832,23.73
14:39:12,24.07,184794,23.75
14:39:15,24.05,184757,23.77
14:39:18,24.06,184720,23.79
14:39:21,24.04,184683,23.81
14:39:24,24.05,184645,23.83
14:39:27,24.03,184608,23.85
14:39:30,24.04,184571,23.87
14:39:33,24.02,184534,23.89
14:39:36,24.03,184496,23.91
14:39:39,24.01,184459,23.93
14:39:42,24.02,184422,23.95
14:39:45,24.00,184385,23.97
14:39:48,24.01,184347,23.99
14:39:51,23.99,184310,23.98
14:39:54,24.00,184273,23.96
14:39:57,23.98,184236,23.94
14:40:00,23.99,184198,23.92
14:40:03,23.97,184161,23.90
14:40:06,23.98,184124,23.88
14:40:09,23.96,184087,23.86
14:40:12,23.97,184049,23.84
14:40:15,23.95,184012,23.82
14:40:18,23.96,183975,23.80
14:40:21,23.94,183938,23.78
14:40:24,23.95,183900,23.76
14:40:27,23.93,183863,23.74
14:40:30,23.94,183826,23.72
14:40:33,23.92,183789,23.70
14:40:36,23.93,183751,23.68
14:40:39,23.91,183714,23.66
14:40:42,23.92,183677,23.64
14:40:45,23.90,183640,23.62
14:40:48,23.91,183602,23.60
14:40:51,23.89,183565,23.58
14:40:54,23.90,183528,23.56
14:40:57,23.88,183491,23.54
14:41:00,23.89,183453,23.52
14:41:03,23.87,183416,23.50
14:41:06,23.88,183379,23.48
14:41:09,23.86,183342,23.46
14:41:12,23.87,183304,23.44
14:41:15,23.85,183267,23.42
14:41:18,23.86,183230,23.40
14:41:21,23.84,183193,23.38
14:41:24,23.85,183155,23.36
14:41:27,23.83,183118,23.34
14:41:30,23.84,183081,23.32
14:41:33,23.82,183044,23.30
14:41:36,23.83,183006,23.28
14:41:39,23.81,182969,23.26
14:41:42,23.82,182932,23.24
14:41:45,23.80,182895,23.22
14:41:48,23.81,182857,23.20
14:41:51,23.79,182820,23.18
14:41:54,23.80,182783,23.16
14:41:57,23.78,182746,23.14
14:42:00,23.79,182708,23.12
14:42:03,23.77,182671,23.10
14:42:06,23.78,182634,23.08
14:42:09,23.76,182597,23.06
14:42:12,23.77,182559,23.04
14:42:15,23.75,182522,23.02
14:42:18,23.76,182485,23.00
14:42:21,23.74,182448,23.01
14:42:24,23.75,182410,23.03
14:42:27,23.73,182373,23.05
14:42:30,23.74,182336,23.07
14:42:33,23.72,182299,23.09
14:42:36,23.73,182261,23.11
14:42:39,23.71,182224,23.13
14:42:42,23.72,182187,23.15
14:42:45,23.70,182150,23.17
14:42:48,23.71,182112,23.19
14:42:51,23.69,182075,23.21
14:42:54,23.70,182038,23.23
14:42:57,23.68,182001,23.25
14:43:00,23.69,181963,23.27
14:43:03,23.67,181926,23.29
14:43:06,23.68,181889,23.31
14:43:09,23.66,181852,23.33
14:43:12,23.67,181814,23.35
14:43:15,23.65,181777,23.37
14:43:18,23.66,181740,23.39
14:43:21,23.64,181703,23.41
14:43:24,23.65,181665,23.43
14:43:27,23.63,181628,23.45
14:43:30,23.64,181591,23.47
14:43:33,23.62,181554,23.49
14:43:36,23.63,181516,23.51
14:43:39,23.61,181479,23.53
14:43:42,23.62,181442,23.55
14:43:45,23.60,181405,23.57
14:43:48,23.61,181367,23.59
14:43:51,23.59,181330,23.61
14:43:54,23.60,181293,23.63
14:43:57,23.58,181256,23.65
14:44:00,23.59,181218,23.67
14:44:03,23.57,181181,23.69
14:44:06,23.58,181144,23.71
14:44:09,23.56,181107,23.73
14:44:12,23.57,181069,23.75
14:44:15,23.55,181032,23.77
14:44:18,23.56,180995,23.79
14:44:21,23.54,180958,23.81
14:44:24,23.55,180920,23.83
14:44:27,23.53,180883,23.85
14:44:30,23.54,180846,23.87
14:44:33,23.52,180809,23.89
14:44:36,23.53,180771,23.91
14:44:39,23.51,180734,23.93
14:44:42,23.52,180697,23.95
14:44:45,23.50,180660,23.97
14:44:48,23.51,180622,23.99
14:44:51,23.49,180585,23.98
14:44:54,23.50,180548,23.96
14:44:57,23.48,180511,23.94
14:45:00,23.49,180473,23.92
14:45:03,23.47,180436,23.90
14:45:06,23.48,180399,23.88
14:45:09,23.46,180362,23.86
14:45:12,23.47,180324,23.84
14:45:15,23.45,180287,23.82
14:45:18,23.46,180250,23.80
14:45:21,23.44,180213,23.78
14:45:24,23.45,180175,23.76
14:45:27,23.43,180138,23.74
14:45:30,23.44,180101,23.72
14:45:33,23.42,180064,23.70
14:45:36,23.43,180026,23.68
14:45:39,23.41,179989,23.66
14:45:42,23.42,179952,23.64
14:45:45,23.40,179915,23.62
14:45:48,23.41,179877,23.60
14:45:51,23.39,179840,23.58
14:45:54,23.40,179803,23.56
14:45:57,23.38,179766,23.54
14:46:00,23.39,179728,23.52
14:46:03,23.37,179691,23.50
14:46:06,23.38,179654,23.48
14:46:09,23.36,179617,23.46
14:46:12,23.37,179579,23.44
14:46:15,23.35,179542,23.42
14:46:18,23.36,179505,23.40
14:46:21,23.34,179468,23.38
14:46:24,23.35,179430,23.36
14:46:27,23.33,179393,23.34
14:46:30,23.34,179356,23.32
14:46:33,23.32,179319,23.30
14:46:36,23.33,179281,23.28
14:46:39,23.31,179244,23.26
14:46:42,23.32,179207,23.24
14:46:45,23.30,179170,23.22
14:46:48,23.31,179132,23.20
14:46:51,23.29,179095,23.18
14:46:54,23.30,179058,23.16
14:46:57,23.28,179021,23.14
14:47:00,23.29,178983,23.12
14:47:03,23.27,178946,23.10
14:47:06,23.28,178909,23.08
14:47:09,23.26,178872,23.06
14:47:12,23.27,178834,23.04
14:47:15,23.25,178797,23.02
14:47:18,23.26,178760,23.00
14:47:21,23.24,178723,23.01
14:47:24,23.25,178685,23.03
14:47:27,23.23,178648,23.05
14:47:30,23.24,178611,23.07
14:47:33,23.22,178574,23.09
14:47:36,23.23,178536,23.11
14:47:39,23.21,178499,23.13
14:47:42,23.22,178462,23.15
14:47:45,23.20,178425,23.17
14:47:48,23.21,178387,23.19
14:47:51,23.19,178350,23.21
14:47:54,23.20,178313,23.23
14:47:57,23.18,178276,23.25
14:48:00,23.19,178238,23.27
14:48:03,23.17,178201,23.29
14:48:06,23.18,178164,23.31
14:48:09,23.16,178127,23.33
14:48:12,23.17,178089,23.35
14:48:15,23.15,178052,23.37
14:48:18,23.16,178015,23.39
14:48:21,23.14,177978,23.41
14:48:24,23.15,177940,23.43
14:48:27,23.13,177903,23.45
14:48:30,23.14,177866,23.47
14:48:33,23.12,177829,23.49
14:48:36,23.13,177791,23.51
14:48:39,23.11,177754,23.53
14:48:42,23.12,177717,23.55
14:48:45,23.10,177680,23.57
14:48:48,23.11,177642,23.59
14:48:51,23.09,177605,23.61
14:48:54,23.10,177568,23.63
14:48:57,23.08,177531,23.65
14:49:00,23.09,177493,23.67
14:49:03,23.07,177456,23.69
14:49:06,23.08,177419,23.71
14:49:09,23.06,177382,23.73
14:49:12,23.07,177344,23.75
14:49:15,23.05,177307,23.77
14:49:18,23.06,177270,23.79
14:49:21,23.04,177233,23.81
14:49:24,23.05,177195,23.83
14:49:27,23.03,177158,23.85
14:49:30,23.04,177121,23.87
14:49:33,23.02,177084,23.89
14:49:36,23.03,177046,23.91
14:49:39,23.01,177009,23.93
14:49:42,23.02,176972,23.95
14:49:45,23.00,176935,23.97
14:49:48,23.01,176897,23.99
14:49:51,22.99,176860,23.98
14:49:54,23.00,176823,23.96
14:49:57,22.98,176786,23.94
14:50:00,22.99,176748,23.92
14:50:03,22.97,176711,23.90
14:50:06,22.98,176674,23.88
14:50:09,22.96,176637,23.86
14:50:12,22.97,176599,23.84
14:50:15,22.95,176562,23.82
14:50:18,22.96,176525,23.80
14:50:21,22.94,176488,23.78
14:50:24,22.95,176450,23.76
14:50:27,22.93,176413,23.74
14:50:30,22.94,176376,23.72
14:50:33,22.92,176339,23.70
14:50:36,22.93,176301,23.68
14:50:39,22.91,176264,23.66
14:50:42,22.92,176227,23.64
14:50:45,22.90,176190,23.62
14:50:48,22.91,176152,23.60
14:50:51,22.89,176115,23.58
14:50:54,22.90,176078,23.56
14:50:57,22.88,176041,23.54
14:51:00,22.89,176003,23.52
14:51:03,22.87,175966,23.50
14:51:06,22.88,175929,23.48
14:51:09,22.86,175892,23.46
14:51:12,22.87,175854,23.44
14:51:15,22.85,175817,23.42
14:51:18,22.86,175780,23.40
14:51:21,22.84,175743,23.38
14:51:24,22.85,175705,23.36
14:51:27,22.83,175668,23.34
14:51:30,22.84,175631,23.32
14:51:33,22.82,175594,23.30
14:51:36,22.83,175556,23.28
14:51:39,22.81,175519,23.26
14:51:42,22.82,175482,23.24
14:51:45,22.80,175445,23.22
14:51:48,22.81,175407,23.20
14:51:51,22.79,175370,23.18
14:51:54,22.80,175333,23.16
14:51:57,22.78,175296,23.14
14:52:00,22.79,175258,23.12
14:52:03,22.77,175221,23.10
14:52:06,22.78,175184,23.08
14:52:09,22.76,175147,23.06
14:52:12,22.77,175109,23.04
14:52:15,22.75,175072,23.02
14:52:18,22.76,175035,23.00
14:52:21,22.74,174998,23.01
14:52:24,22.75,174960,23.03
14:52:27,22.73,174923,23.05
14:52:30,22.74,174886,23.07
14:52:33,22.72,174849,23.09
14:52:36,22.73,174811,23.11
14:52:39,22.71,174774,23.13
14:52:42,22.72,174737,23.15
14:52:45,22.70,174700,23.17
14:52:48,22.71,174662,23.19
14:52:51,22.69,174625,23.21
14:52:54,22.70,174588,23.23
14:52:57,22.68,174551,23.25
14:53:00,22.69,174513,23.27
14:53:03,22.67,174476,23.29
14:53:06,22.68,174439,23.31
14:53:09,22.66,174402,23.33
14:53:12,22.67,174364,23.35
14:53:15,22.65,174327,23.37
14:53:18,22.66,174290,23.39
14:53:21,22.64,174253,23.41
14:53:24,22.65,174215,23.43
14:53:27,22.63,174178,23.45
14:53:30,22.64,174141,23.47
14:53:33,22.62,174104,23.49
14:53:36,22.63,174066,23.51
14:53:39,22.61,174029,23.53
14:53:42,22.62,173992,23.55
14:53:45,22.60,173955,23.57
14:53:48,22.61,173917,23.59
14:53:51,22.59,173880,23.61
14:53:54,22.60,173843,23.63
14:53:57,22.58,173806,23.65
14:54:00,22.59,173768,23.67
14:54:03,22.57,173731,23.69
14:54:06,22.58,173694,23.71
14:54:09,22.56,173657,23.73
14:54:12,22.57,173619,23.75
14:54:15,22.55,173582,23.77
14:54:18,22.56,173545,23.79
14:54:21,22.54,173508,23.81
14:54:24,22.55,173470,23.83
14:54:27,22.53,173433,23.85
14:54:30,22.54,173396,23.87
14:54:33,22.52,173359,23.89
14:54:36,22.53,173321,23.91
14:54:39,22.51,173284,23.93
14:54:42,22.52,173247,23.95
14:54:45,22.50,173210,23.97
14:54:48,22.51,173172,23.99
14:54:51,22.49,173135,23.98
14:54:54,22.50,173098,23.96
14:54:57,22.48,173061,23.94
14:55:00,22.49,173023,23.92
14:55:03,22.47,172986,23.90
14:55:06,22.48,172949,23.88
14:55:09,22.46,172912,23.86
14:55:12,22.47,172874,23.84
14:55:15,22.45,172837,23.82
14:55:18,22.46,172800,23.80
14:55:21,22.44,172763,23.78
14:55:24,22.45,172725,23.76
14:55:27,22.43,172688,23.74
14:55:30,22.44,172651,23.72
14:55:33,22.42,172614,23.70
14:55:36,22.43,172576,23.68
14:55:39,22.41,172539,23.66
14:55:42,22.42,172502,23.64
14:55:45,22.40,172465,23.62
14:55:48,22.41,172427,23.60
14:55:51,22.39,172390,23.58
14:55:54,22.40,172353,23.56
14:55:57,22.38,172316,23.54
14:56:00,22.39,172278,23.52
14:56:03,22.37,172241,23.50
14:56:06,22.38,172204,23.48
14:56:09,22.36,172167,23.46
14:56:12,22.37,172129,23.44
14:56:15,22.35,172092,23.42
14:56:18,22.36,172055,23.40
14:56:21,22.34,172018,23.38
14:56:24,22.35,171980,23.36
14:56:27,22.33,171943,23.34
14:56:30,22.34,171906,23.32
14:56:33,22.32,171869,23.30
14:56:36,22.33,171831,23.28
14:56:39,22.31,171794,23.26
14:56:42,22.32,171757,23.24
14:56:45,22.30,171720,23.22
14:56:48,22.31,171682,23.20
14:56:51,22.29,171645,23.18
14:56:54,22.30,171608,23.16
14:56:57,22.28,171571,23.14
14:57:00,22.29,171533,23.12
14:57:03,22.27,171496,23.10
14:57:06,22.28,171459,23.08
14:57:09,22.26,171422,23.06
14:57:12,22.27,171384,23.04
14:57:15,22.25,171347,23.02
14:57:18,22.26,171310,23.00
14:57:21,22.24,171273,23.01
14:57:24,22.25,171235,23.03
14:57:27,22.23,171198,23.05
14:57:30,22.24,171161,23.07
14:57:33,22.22,171124,23.09
14:57:36,22.23,171086,23.11
14:57:39,22.21,171049,23.13
14:57:42,22.22,171012,23.15
14:57:45,22.20,170975,23.17
14:57:48,22.21,170937,23.19
14:57:51,22.19,170900,23.21
14:57:54,22.20,170863,23.23
14:57:57,22.18,170826,23.25
14:58:00,22.19,170788,23.27
14:58:03,22.17,170751,23.29
14:58:06,22.18,170714,23.31
14:58:09,22.16,170677,23.33
14:58:12,22.17,170639,23.35
14:58:15,22.15,170602,23.37
14:58:18,22.16,170565,23.39
14:58:21,22.14,170528,23.41
14:58:24,22.15,170490,23.43
14:58:27,22.13,170453,23.45
14:58:30,22.14,170416,23.47
14:58:33,22.12,170379,23.49
14:58:36,22.13,170341,23.51
14:58:39,22.11,170304,23.53
14:58:42,22.12,170267,23.55
14:58:45,22.10,170230,23.57
14:58:48,22.11,170192,23.59
14:58:51,22.09,170155,23.61
14:58:54,22.10,170118,23.63
14:58:57,22.08,170081,23.65
14:59:00,22.09,170043,23.67
14:59:03,22.07,170006,23.69
14:59:06,22.08,169969,23.71
14:59:09,22.06,169932,23.73
14:59:12,22.07,169894,23.75
14:59:15,22.05,169857,23.77
14:59:18,22.06,169820,23.79
14:59:21,22.04,169783,23.81
14:59:24,22.05,169745,23.83
14:59:27,22.03,169708,23.85
14:59:30,22.04,169671,23.87
14:59:33,22.02,169634,23.89
14:59:36,22.03,169596,23.91
14:59:39,22.01,169559,23.93
14:59:42,22.02,169522,23.95
14:59:45,22.00,169485,23.97
14:59:48,22.01,169447,23.99
14:59:51,21.99,169410,23.98
14:59:54,22.00,169373,23.96
14:59:57,21.98,169336,23.94