hora,temp,light,soil
15:00:00,26.50,210000,22.45
15:00:03,26.49,210045,22.81
15:00:06,26.48,210093,22.11
15:00:09,26.49,210138,22.34
15:00:12,26.47,210182,22.67
15:00:15,26.46,210229,22.01
15:00:18,26.46,210275,22.95
15:00:21,26.45,210321,22.58
15:00:24,26.44,210368,22.73
15:00:27,26.43,210412,22.22
15:00:30,26.43,210459,22.48
15:00:33,26.42,210505,22.61
15:00:36,26.41,210550,22.15
15:00:39,26.40,210597,22.88
15:00:42,26.40,210642,22.05
15:00:45,26.39,210688,22.39
15:00:48,26.38,210734,22.75
15:00:51,26.37,210779,22.99
15:00:54,26.37,210825,22.02
15:00:57,26.36,210871,22.41
15:01:00,26.35,210918,22.56
15:01:03,26.34,210963,22.18
15:01:06,26.34,211009,22.83
15:01:09,26.33,211055,22.27
15:01:12,26.32,211101,22.64
15:01:15,26.31,211147,22.91
15:01:18,26.31,211193,22.08
15:01:21,26.30,211239,22.33
15:01:24,26.29,211285,22.77
15:01:27,26.28,211331,22.51
15:01:30,26.28,211378,22.14
15:01:33,26.27,211423,22.49
15:01:36,26.26,211469,22.69
15:01:39,26.25,211516,22.04
15:01:42,26.25,211561,22.38
15:01:45,26.24,211607,22.85
15:01:48,26.23,211652,22.93
15:01:51,26.22,211698,22.07
15:01:54,26.22,211744,22.44
15:01:57,26.21,211790,22.66
15:02:00,26.20,211836,22.21
15:02:03,26.19,211882,22.59
15:02:06,26.19,211928,22.89
15:02:09,26.18,211974,22.00
15:02:12,26.17,212020,22.31
15:02:15,26.16,212067,22.74
15:02:18,26.16,212112,22.53
15:02:21,26.15,212158,22.16
15:02:24,26.14,212204,22.40
15:02:27,26.13,212250,22.80
15:02:30,26.13,212296,22.98
15:02:33,26.12,212342,22.10
15:02:36,26.11,212388,22.36
15:02:39,26.10,212434,22.70
15:02:42,26.10,212481,22.55
15:02:45,26.09,212526,22.19
15:02:48,26.08,212572,22.42
15:02:51,26.07,212618,22.82
15:02:54,26.07,212664,22.96
15:02:57,26.06,212710,22.13
15:03:00,26.05,212756,22.37
15:03:03,26.04,212802,22.68
15:03:06,26.04,212848,22.50
15:03:09,26.03,212894,22.17
15:03:12,26.02,212940,22.43
15:03:15,26.01,212986,22.84
15:03:18,26.01,213032,22.94
15:03:21,26.00,213078,22.09
15:03:24,25.99,213124,22.35
15:03:27,25.98,213170,22.65
15:03:30,25.98,213216,22.47
15:03:33,25.97,213262,22.20
15:03:36,25.96,213308,22.46
15:03:39,25.95,213354,22.86
15:03:42,25.95,213400,22.92
15:03:45,25.94,213446,22.06
15:03:48,25.93,213492,22.32
15:03:51,25.92,213538,22.63
15:03:54,25.92,213584,22.41
15:03:57,25.91,213630,22.23
15:04:00,25.90,213676,22.52
15:04:03,25.89,213722,22.87
15:04:06,25.89,213768,22.90
15:04:09,25.88,213814,22.03
15:04:12,25.87,213860,22.30
15:04:15,25.86,213906,22.60
15:04:18,25.86,213952,22.38
15:04:21,25.85,213998,22.25
15:04:24,25.84,214044,22.54
15:04:27,25.83,214090,22.88
15:04:30,25.83,214136,22.84
15:04:33,25.82,214182,22.01
15:04:36,25.81,214228,22.28
15:04:39,25.80,214274,22.58
15:04:42,25.80,214320,22.35
15:04:45,25.79,214366,22.29
15:04:48,25.78,214412,22.57
15:04:51,25.77,214458,22.91
15:04:54,25.77,214504,22.81
15:04:57,25.76,214550,22.04
15:05:00,25.75,214596,22.26
15:05:03,25.74,214642,22.56
15:05:06,25.74,214688,22.33
15:05:09,25.73,214734,22.31
15:05:12,25.72,214780,22.62
15:05:15,25.71,214826,22.93
15:05:18,25.71,214872,22.79
15:05:21,25.70,214918,22.07
15:05:24,25.69,214964,22.24
15:05:27,25.68,215010,22.53
15:05:30,25.68,215056,22.30
15:05:33,25.67,215102,22.34
15:05:36,25.66,215148,22.65
15:05:39,25.65,215194,22.95
15:05:42,25.65,215240,22.76
15:05:45,25.64,215286,22.09
15:05:48,25.63,215332,22.22
15:05:51,25.62,215378,22.51
15:05:54,25.62,215424,22.28
15:05:57,25.61,215470,22.37
15:06:00,25.60,215516,22.68
15:06:03,25.59,215562,22.97
15:06:06,25.59,215608,22.73
15:06:09,25.58,215654,22.11
15:06:12,25.57,215700,22.20
15:06:15,25.56,215746,22.49
15:06:18,25.56,215792,22.26
15:06:21,25.55,215838,22.40
15:06:24,25.54,215884,22.71
15:06:27,25.53,215930,22.99
15:06:30,25.53,215976,22.70
15:06:33,25.52,216022,22.14
15:06:36,25.51,216068,22.18
15:06:39,25.50,216114,22.47
15:06:42,25.50,216160,22.24
15:06:45,25.49,216206,22.43
15:06:48,25.48,216252,22.74
15:06:51,25.47,216298,22.98
15:06:54,25.47,216344,22.67
15:06:57,25.46,216390,22.16
15:07:00,25.45,216436,22.16
15:07:03,25.44,216482,22.45
15:07:06,25.44,216528,22.22
15:07:09,25.43,216574,22.46
15:07:12,25.42,216620,22.77
15:07:15,25.41,216666,22.96
15:07:18,25.41,216712,22.64
15:07:21,25.40,216758,22.18
15:07:24,25.39,216804,22.14
15:07:27,25.38,216850,22.43
15:07:30,25.38,216896,22.20
15:07:33,25.37,216942,22.49
15:07:36,25.36,216988,22.80
15:07:39,25.35,217034,22.94
15:07:42,25.35,217080,22.61
15:07:45,25.34,217126,22.20
15:07:48,25.33,217172,22.12
15:07:51,25.32,217218,22.41
15:07:54,25.32,217264,22.18
15:07:57,25.31,217310,22.52
15:08:00,25.30,217356,22.83
15:08:03,25.29,217402,22.92
15:08:06,25.29,217448,22.58
15:08:09,25.28,217494,22.22
15:08:12,25.27,217540,22.10
15:08:15,25.26,217586,22.39
15:08:18,25.26,217632,22.16
15:08:21,25.25,217678,22.55
15:08:24,25.24,217724,22.86
15:08:27,25.23,217770,22.90
15:08:30,25.23,217816,22.55
15:08:33,25.22,217862,22.24
15:08:36,25.21,217908,22.08
15:08:39,25.20,217954,22.37
15:08:42,25.20,218000,22.14
15:08:45,25.19,218046,22.58
15:08:48,25.18,218092,22.89
15:08:51,25.17,218138,22.88
15:08:54,25.17,218184,22.52
15:08:57,25.16,218230,22.26
15:09:00,25.15,218276,22.06
15:09:03,25.14,218322,22.35
15:09:06,25.14,218368,22.12
15:09:09,25.13,218414,22.61
15:09:12,25.12,218460,22.92
15:09:15,25.11,218506,22.86
15:09:18,25.11,218552,22.49
15:09:21,25.10,218598,22.28
15:09:24,25.09,218644,22.04
15:09:27,25.08,218690,22.33
15:09:30,25.08,218736,22.10
15:09:33,25.07,218782,22.64
15:09:36,25.06,218828,22.95
15:09:39,25.05,218874,22.84
15:09:42,25.05,218920,22.46
15:09:45,25.04,218966,22.30
15:09:48,25.03,219012,22.02
15:09:51,25.02,219058,22.31
15:09:54,25.02,219104,22.08
15:09:57,25.01,219150,22.67
15:10:00,25.00,219196,22.98
15:10:03,24.99,219242,22.82
15:10:06,24.99,219288,22.43
15:10:09,24.98,219334,22.32
15:10:12,24.97,219380,22.00
15:10:15,24.96,219426,22.29
15:10:18,24.96,219472,22.06
15:10:21,24.95,219518,22.70
15:10:24,24.94,219564,22.99
15:10:27,24.93,219610,22.80
15:10:30,24.93,219656,22.40
15:10:33,24.92,219702,22.34
15:10:36,24.91,219748,22.01
15:10:39,24.90,219794,22.27
15:10:42,24.90,219840,22.04
15:10:45,24.89,219886,22.73
15:10:48,24.88,219932,22.97
15:10:51,24.87,219978,22.78
15:10:54,24.87,220024,22.37
15:10:57,24.86,220070,22.36
15:11:00,24.85,220116,22.03
15:11:03,24.84,220162,22.25
15:11:06,24.84,220208,22.02
15:11:09,24.83,220254,22.76
15:11:12,24.82,220300,22.95
15:11:15,24.81,220346,22.76
15:11:18,24.81,220392,22.34
15:11:21,24.80,220438,22.38
15:11:24,24.79,220484,22.05
15:11:27,24.78,220530,22.23
15:11:30,24.78,220576,22.00
15:11:33,24.77,220622,22.79
15:11:36,24.76,220668,22.93
15:11:39,24.75,220714,22.74
15:11:42,24.75,220760,22.31
15:11:45,24.74,220806,22.40
15:11:48,24.73,220852,22.07
15:11:51,24.72,220898,22.21
15:11:54,24.72,220944,22.01
15:11:57,24.71,220990,22.82
15:12:00,24.70,221036,22.91
15:12:03,24.69,221082,22.72
15:12:06,24.69,221128,22.28
15:12:09,24.68,221174,22.42
15:12:12,24.67,221220,22.09
15:12:15,24.66,221266,22.19
15:12:18,24.66,221312,22.03
15:12:21,24.65,221358,22.85
15:12:24,24.64,221404,22.89
15:12:27,24.63,221450,22.70
15:12:30,24.63,221496,22.25
15:12:33,24.62,221542,22.44
15:12:36,24.61,221588,22.11
15:12:39,24.60,221634,22.17
15:12:42,24.60,221680,22.05
15:12:45,24.59,221726,22.88
15:12:48,24.58,221772,22.87
15:12:51,24.57,221818,22.68
15:12:54,24.57,221864,22.22
15:12:57,24.56,221910,22.46
15:13:00,24.55,221956,22.13
15:13:03,24.54,222002,22.15
15:13:06,24.54,222048,22.07
15:13:09,24.53,222094,22.91
15:13:12,24.52,222140,22.85
15:13:15,24.51,222186,22.66
15:13:18,24.51,222232,22.19
15:13:21,24.50,222278,22.48
15:13:24,24.49,222324,22.15
15:13:27,24.48,222370,22.13
15:13:30,24.48,222416,22.09
15:13:33,24.47,222462,22.94
15:13:36,24.46,222508,22.83
15:13:39,24.45,222554,22.64
15:13:42,24.45,222600,22.16
15:13:45,24.44,222646,22.50
15:13:48,24.43,222692,22.17
15:13:51,24.42,222738,22.11
15:13:54,24.42,222784,22.11
15:13:57,24.41,222830,22.97
15:14:00,24.40,222876,22.81
15:14:03,24.39,222922,22.62
15:14:06,24.39,222968,22.13
15:14:09,24.38,223014,22.52
15:14:12,24.37,223060,22.19
15:14:15,24.36,223106,22.09
15:14:18,24.36,223152,22.13
15:14:21,24.35,223198,22.99
15:14:24,24.34,223244,22.79
15:14:27,24.33,223290,22.60
15:14:30,24.33,223336,22.10
15:14:33,24.32,223382,22.54
15:14:36,24.31,223428,22.21
15:14:39,24.30,223474,22.07
15:14:42,24.30,223520,22.15
15:14:45,24.29,223566,22.98
15:14:48,24.28,223612,22.77
15:14:51,24.27,223658,22.58
15:14:54,24.27,223704,22.07
15:14:57,24.26,223750,22.56
15:15:00,24.25,223796,22.23
15:15:03,24.24,223842,22.05
15:15:06,24.24,223888,22.17
15:15:09,24.23,223934,22.96
15:15:12,24.22,223980,22.75
15:15:15,24.21,224026,22.56
15:15:18,24.21,224072,22.04
15:15:21,24.20,224118,22.58
15:15:24,24.19,224164,22.25
15:15:27,24.18,224210,22.03
15:15:30,24.18,224256,22.19
15:15:33,24.17,224302,22.94
15:15:36,24.16,224348,22.73
15:15:39,24.15,224394,22.54
15:15:42,24.15,224440,22.01
15:15:45,24.14,224486,22.60
15:15:48,24.13,224532,22.27
15:15:51,24.12,224578,22.01
15:15:54,24.12,224624,22.21
15:15:57,24.11,224670,22.92
15:16:00,24.10,224716,22.71
15:16:03,24.09,224762,22.52
15:16:06,24.09,224808,22.02
15:16:09,24.08,224854,22.62
15:16:12,24.07,224900,22.29
15:16:15,24.06,224946,22.00
15:16:18,24.06,224992,22.23
15:16:21,24.05,225038,22.90
15:16:24,24.04,225084,22.69
15:16:27,24.03,225130,22.50
15:16:30,24.03,225176,22.03
15:16:33,24.02,225222,22.64
15:16:36,24.01,225268,22.31
15:16:39,24.00,225314,22.01
15:16:42,24.00,225360,22.25
15:16:45,23.99,225406,22.88
15:16:48,23.98,225452,22.67
15:16:51,23.97,225498,22.48
15:16:54,23.97,225544,22.04
15:16:57,23.96,225590,22.66
15:17:00,23.95,225636,22.33
15:17:03,23.94,225682,22.02
15:17:06,23.94,225728,22.27
15:17:09,23.93,225774,22.86
15:17:12,23.92,225820,22.65
15:17:15,23.91,225866,22.46
15:17:18,23.91,225912,22.05
15:17:21,23.90,225958,22.68
15:17:24,23.89,226004,22.35
15:17:27,23.88,226050,22.03
15:17:30,23.88,226096,22.29
15:17:33,23.87,226142,22.84
15:17:36,23.86,226188,22.63
15:17:39,23.85,226234,22.44
15:17:42,23.85,226280,22.06
15:17:45,23.84,226326,22.70
15:17:48,23.83,226372,22.37
15:17:51,23.82,226418,22.04
15:17:54,23.82,226464,22.31
15:17:57,23.81,226510,22.82
15:18:00,23.80,226556,22.61
15:18:03,23.79,226602,22.42
15:18:06,23.79,226648,22.07
15:18:09,23.78,226694,22.72
15:18:12,23.77,226740,22.39
15:18:15,23.76,226786,22.05
15:18:18,23.76,226832,22.33
15:18:21,23.75,226878,22.80
15:18:24,23.74,226924,22.59
15:18:27,23.73,226970,22.40
15:18:30,23.73,227016,22.08
15:18:33,23.72,227062,22.74
15:18:36,23.71,227108,22.41
15:18:39,23.70,227154,22.06
15:18:42,23.70,227200,22.35
15:18:45,23.69,227246,22.78
15:18:48,23.68,227292,22.57
15:18:51,23.67,227338,22.38
15:18:54,23.67,227384,22.09
15:18:57,23.66,227430,22.76
15:19:00,23.65,227476,22.43
15:19:03,23.64,227522,22.07
15:19:06,23.64,227568,22.37
15:19:09,23.63,227614,22.76
15:19:12,23.62,227660,22.55
15:19:15,23.61,227706,22.36
15:19:18,23.61,227752,22.10
15:19:21,23.60,227798,22.78
15:19:24,23.59,227844,22.45
15:19:27,23.58,227890,22.08
15:19:30,23.58,227936,22.39
15:19:33,23.57,227982,22.74
15:19:36,23.56,228028,22.53
15:19:39,23.55,228074,22.34
15:19:42,23.55,228120,22.11
15:19:45,23.54,228166,22.80
15:19:48,23.53,228212,22.47
15:19:51,23.52,228258,22.09
15:19:54,23.52,228304,22.41
15:19:57,23.51,228350,22.72
15:20:00,23.50,228396,22.51
15:20:03,23.49,228442,22.32
15:20:06,23.49,228488,22.12
15:20:09,23.48,228534,22.82
15:20:12,23.47,228580,22.49
15:20:15,23.46,228626,22.10
15:20:18,23.46,228672,22.43
15:20:21,23.45,228718,22.70
15:20:24,23.44,228764,22.49
15:20:27,23.43,228810,22.30
15:20:30,23.43,228856,22.13
15:20:33,23.42,228902,22.84
15:20:36,23.41,228948,22.51
15:20:39,23.40,228994,22.11
15:20:42,23.40,229040,22.45
15:20:45,23.39,229086,22.68
15:20:48,23.38,229132,22.47
15:20:51,23.37,229178,22.28
15:20:54,23.37,229224,22.14
15:20:57,23.36,229270,22.86
15:21:00,23.35,229316,22.53
15:21:03,23.34,229362,22.12
15:21:06,23.34,229408,22.47
15:21:09,23.33,229454,22.66
15:21:12,23.32,229500,22.45
15:21:15,23.31,229546,22.26
15:21:18,23.31,229592,22.15
15:21:21,23.30,229638,22.88
15:21:24,23.29,229684,22.55
15:21:27,23.28,229730,22.13
15:21:30,23.28,229776,22.49
15:21:33,23.27,229822,22.64
15:21:36,23.26,229868,22.43
15:21:39,23.25,229914,22.24
15:21:42,23.25,229960,22.16
15:21:45,23.24,230006,22.90
15:21:48,23.23,230052,22.57
15:21:51,23.22,230098,22.14
15:21:54,23.22,230144,22.51
15:21:57,23.21,230190,22.62
15:22:00,23.20,230236,22.41
15:22:03,23.19,230282,22.22
15:22:06,23.19,230328,22.17
15:22:09,23.18,230374,22.92
15:22:12,23.17,230420,22.59
15:22:15,23.16,230466,22.15
15:22:18,23.16,230512,22.53
15:22:21,23.15,230558,22.60
15:22:24,23.14,230604,22.39
15:22:27,23.13,230650,22.20
15:22:30,23.13,230696,22.18
15:22:33,23.12,230742,22.94
15:22:36,23.11,230788,22.61
15:22:39,23.10,230834,22.16
15:22:42,23.10,230880,22.55
15:22:45,23.09,230926,22.58
15:22:48,23.08,230972,22.37
15:22:51,23.07,231018,22.18
15:22:54,23.07,231064,22.19
15:22:57,23.06,231110,22.96
15:23:00,23.05,231156,22.63
15:23:03,23.04,231202,22.17
15:23:06,23.04,231248,22.57
15:23:09,23.03,231294,22.56
15:23:12,23.02,231340,22.35
15:23:15,23.01,231386,22.16
15:23:18,23.01,231432,22.20
15:23:21,23.00,231478,22.98
15:23:24,22.99,231524,22.65
15:23:27,22.98,231570,22.18
15:23:30,22.98,231616,22.59
15:23:33,22.97,231662,22.54
15:23:36,22.96,231708,22.33
15:23:39,22.95,231754,22.14
15:23:42,22.95,231800,22.21
15:23:45,22.94,231846,22.97
15:23:48,22.93,231892,22.67
15:23:51,22.92,231938,22.19
15:23:54,22.92,231984,22.61
15:23:57,22.91,232030,22.52
15:24:00,22.90,232076,22.31
15:24:03,22.89,232122,22.12
15:24:06,22.89,232168,22.22
15:24:09,22.88,232214,22.95
15:24:12,22.87,232260,22.69
15:24:15,22.86,232306,22.20
15:24:18,22.86,232352,22.63
15:24:21,22.85,232398,22.50
15:24:24,22.84,232444,22.29
15:24:27,22.83,232490,22.10
15:24:30,22.83,232536,22.23
15:24:33,22.82,232582,22.93
15:24:36,22.81,232628,22.71
15:24:39,22.80,232674,22.21
15:24:42,22.80,232720,22.65
15:24:45,22.79,232766,22.48
15:24:48,22.78,232812,22.27
15:24:51,22.77,232858,22.08
15:24:54,22.77,232904,22.24
15:24:57,22.76,232950,22.91
15:25:00,22.75,232996,22.73
15:25:03,22.74,233042,22.22
15:25:06,22.74,233088,22.67
15:25:09,22.73,233134,22.46
15:25:12,22.72,233180,22.25
15:25:15,22.71,233226,22.06
15:25:18,22.71,233272,22.25
15:25:21,22.70,233318,22.89
15:25:24,22.69,233364,22.75
15:25:27,22.68,233410,22.23
15:25:30,22.68,233456,22.69
15:25:33,22.67,233502,22.44
15:25:36,22.66,233548,22.23
15:25:39,22.65,233594,22.04
15:25:42,22.65,233640,22.26
15:25:45,22.64,233686,22.87
15:25:48,22.63,233732,22.77
15:25:51,22.62,233778,22.24
15:25:54,22.62,233824,22.71
15:25:57,22.61,233870,22.42
15:26:00,22.60,233916,22.21
15:26:03,22.59,233962,22.02
15:26:06,22.59,234008,22.27
15:26:09,22.58,234054,22.85
15:26:12,22.57,234100,22.79
15:26:15,22.56,234146,22.25
15:26:18,22.56,234192,22.73
15:26:21,22.55,234238,22.40
15:26:24,22.54,234284,22.19
15:26:27,22.53,234330,22.00
15:26:30,22.53,234376,22.28
15:26:33,22.52,234422,22.83
15:26:36,22.51,234468,22.81
15:26:39,22.50,234514,22.26
15:26:42,22.50,234560,22.75
15:26:45,22.49,234606,22.38
15:26:48,22.48,234652,22.17
15:26:51,22.47,234698,22.01
15:26:54,22.47,234744,22.29
15:26:57,22.46,234790,22.81
15:27:00,22.45,234836,22.83
15:27:03,22.44,234882,22.27
15:27:06,22.44,234928,22.77
15:27:09,22.43,234974,22.36
15:27:12,22.42,235020,22.15
15:27:15,22.41,235066,22.02
15:27:18,22.41,235112,22.30
15:27:21,22.40,235158,22.79
15:27:24,22.39,235204,22.85
15:27:27,22.38,235250,22.28
15:27:30,22.38,235296,22.79
15:27:33,22.37,235342,22.34
15:27:36,22.36,235388,22.13
15:27:39,22.35,235434,22.03
15:27:42,22.35,235480,22.31
15:27:45,22.34,235526,22.77
15:27:48,22.33,235572,22.87
15:27:51,22.32,235618,22.29
15:27:54,22.32,235664,22.81
15:27:57,22.31,235710,22.32
15:28:00,22.30,235756,22.11
15:28:03,22.29,235802,22.04
15:28:06,22.29,235848,22.32
15:28:09,22.28,235894,22.75
15:28:12,22.27,235940,22.89
15:28:15,22.26,235986,22.30
15:28:18,22.26,236032,22.83
15:28:21,22.25,236078,22.30
15:28:24,22.24,236124,22.09
15:28:27,22.23,236170,22.05
15:28:30,22.23,236216,22.33
15:28:33,22.22,236262,22.73
15:28:36,22.21,236308,22.91
15:28:39,22.20,236354,22.31
15:28:42,22.20,236400,22.85
15:28:45,22.19,236446,22.28
15:28:48,22.18,236492,22.07
15:28:51,22.17,236538,22.06
15:28:54,22.17,236584,22.34
15:28:57,22.16,236630,22.71
15:29:00,22.15,236676,22.93
15:29:03,22.14,236722,22.32
15:29:06,22.14,236768,22.87
15:29:09,22.13,236814,22.26
15:29:12,22.12,236860,22.05
15:29:15,22.11,236906,22.07
15:29:18,22.11,236952,22.35
15:29:21,22.10,236998,22.69
15:29:24,22.09,237044,22.95
15:29:27,22.08,237090,22.33
15:29:30,22.08,237136,22.89
15:29:33,22.07,237182,22.24
15:29:36,22.06,237228,22.03
15:29:39,22.05,237274,22.08
15:29:42,22.05,237320,22.36
15:29:45,22.04,237366,22.67
15:29:48,22.03,237412,22.97
15:29:51,22.02,237458,22.34
15:29:54,22.02,237504,22.91
15:29:57,22.01,237550,22.22
15:30:00,22.00,237596,22.01
15:30:03,21.99,237642,22.09
15:30:06,21.99,237688,22.37
15:30:09,21.98,237734,22.65
15:30:12,21.97,237780,22.99
15:30:15,21.96,237826,22.35
15:30:18,21.96,237872,22.93
15:30:21,21.95,237918,22.20
15:30:24,21.94,237964,22.02
15:30:27,21.93,238010,22.10
15:30:30,21.93,238056,22.38
15:30:33,21.92,238102,22.63
15:30:36,21.91,238148,22.98
15:30:39,21.90,238194,22.36
15:30:42,21.90,238240,22.95
15:30:45,21.89,238286,22.18
15:30:48,21.88,238332,22.03
15:30:51,21.87,238378,22.11
15:30:54,21.87,238424,22.39
15:30:57,21.86,238470,22.61
15:31:00,21.85,238516,22.97
15:31:03,21.84,238562,22.37
15:31:06,21.84,238608,22.97
15:31:09,21.83,238654,22.16
15:31:12,21.82,238700,22.04
15:31:15,21.81,238746,22.12
15:31:18,21.81,238792,22.40
15:31:21,21.80,238838,22.59
15:31:24,21.79,238884,22.96
15:31:27,21.78,238930,22.38
15:31:30,21.78,238976,22.99
15:31:33,21.77,239022,22.14
15:31:36,21.76,239068,22.05
15:31:39,21.75,239114,22.13
15:31:42,21.75,239160,22.41
15:31:45,21.74,239206,22.57
15:31:48,21.73,239252,22.95
15:31:51,21.72,239298,22.39
15:31:54,21.72,239344,22.98
15:31:57,21.71,239390,22.12
15:32:00,21.70,239436,22.06
15:32:03,21.69,239482,22.14
15:32:06,21.69,239528,22.42
15:32:09,21.68,239574,22.55
15:32:12,21.67,239620,22.94
15:32:15,21.66,239666,22.40
15:32:18,21.66,239712,22.97
15:32:21,21.65,239758,22.10
15:32:24,21.64,239804,22.07
15:32:27,21.63,239850,22.15
15:32:30,21.63,239896,22.43
15:32:33,21.62,239942,22.53
15:32:36,21.61,239988,22.93
15:32:39,21.60,240034,22.41
15:32:42,21.60,240080,22.96
15:32:45,21.59,240126,22.08
15:32:48,21.58,240172,22.08
15:32:51,21.57,240218,22.16
15:32:54,21.57,240264,22.44
15:32:57,21.56,240310,22.51
15:33:00,21.55,240356,22.92
15:33:03,21.54,240402,22.42
15:33:06,21.54,240448,22.95
15:33:09,21.53,240494,22.06
15:33:12,21.52,240540,22.09
15:33:15,21.51,240586,22.17
15:33:18,21.51,240632,22.45
15:33:21,21.50,240678,22.49
15:33:24,21.49,240724,22.91
15:33:27,21.48,240770,22.43
15:33:30,21.48,240816,22.94
15:33:33,21.47,240862,22.04
15:33:36,21.46,240908,22.10
15:33:39,21.45,240954,22.18
15:33:42,21.45,241000,22.46
15:33:45,21.44,241046,22.47
15:33:48,21.43,241092,22.90
15:33:51,21.42,241138,22.44
15:33:54,21.42,241184,22.93
15:33:57,21.41,241230,22.02
15:34:00,21.40,241276,22.11
15:34:03,21.39,241322,22.19
15:34:06,21.39,241368,22.47
15:34:09,21.38,241414,22.45
15:34:12,21.37,241460,22.89
15:34:15,21.36,241506,22.45
15:34:18,21.36,241552,22.92
15:34:21,21.35,241598,22.00
15:34:24,21.34,241644,22.12
15:34:27,21.33,241690,22.20
15:34:30,21.33,241736,22.48
15:34:33,21.32,241782,22.43
15:34:36,21.31,241828,22.88
15:34:39,21.30,241874,22.46
15:34:42,21.30,241920,22.91
15:34:45,21.29,241966,22.01
15:34:48,21.28,242012,22.13
15:34:51,21.27,242058,22.21
15:34:54,21.27,242104,22.49
15:34:57,21.26,242150,22.41
15:35:00,21.25,242196,22.87
15:35:03,21.24,242242,22.47
15:35:06,21.24,242288,22.90
15:35:09,21.23,242334,22.02
15:35:12,21.22,242380,22.14
15:35:15,21.21,242426,22.22
15:35:18,21.21,242472,22.50
15:35:21,21.20,242518,22.39
15:35:24,21.19,242564,22.86
15:35:27,21.18,242610,22.48
15:35:30,21.18,242656,22.89
15:35:33,21.17,242702,22.03
15:35:36,21.16,242748,22.15
15:35:39,21.15,242794,22.23
15:35:42,21.15,242840,22.51
15:35:45,21.14,242886,22.37
15:35:48,21.13,242932,22.85
15:35:51,21.12,242978,22.49
15:35:54,21.12,243024,22.88
15:35:57,21.11,243070,22.04
15:36:00,21.10,243116,22.16
15:36:03,21.09,243162,22.24
15:36:06,21.09,243208,22.52
15:36:09,21.08,243254,22.35
15:36:12,21.07,243300,22.84
15:36:15,21.06,243346,22.50
15:36:18,21.06,243392,22.87
15:36:21,21.05,243438,22.05
15:36:24,21.04,243484,22.17
15:36:27,21.03,243530,22.25
15:36:30,21.03,243576,22.53
15:36:33,21.02,243622,22.33
15:36:36,21.01,243668,22.83
15:36:39,21.00,243714,22.51
15:36:42,21.00,243760,22.86
15:36:45,20.99,243806,22.06
15:36:48,20.98,243852,22.18
15:36:51,20.97,243898,22.26
15:36:54,20.97,243944,22.54
15:36:57,20.96,243990,22.31
15:37:00,20.95,244036,22.82
15:37:03,20.94,244082,22.52
15:37:06,20.94,244128,22.85
15:37:09,20.93,244174,22.07
15:37:12,20.92,244220,22.19
15:37:15,20.91,244266,22.27
15:37:18,20.91,244312,22.55
15:37:21,20.90,244358,22.29
15:37:24,20.89,244404,22.81
15:37:27,20.88,244450,22.53
15:37:30,20.88,244496,22.84
15:37:33,20.87,244542,22.08
15:37:36,20.86,244588,22.20
15:37:39,20.85,244634,22.28
15:37:42,20.85,244680,22.56
15:37:45,20.84,244726,22.27
15:37:48,20.83,244772,22.80
15:37:51,20.82,244818,22.54
15:37:54,20.82,244864,22.83
15:37:57,20.81,244910,22.09
15:38:00,20.80,244956,22.21
15:38:03,20.79,245002,22.29
15:38:06,20.79,245048,22.57
15:38:09,20.78,245094,22.25
15:38:12,20.77,245140,22.79
15:38:15,20.76,245186,22.55
15:38:18,20.76,245232,22.82
15:38:21,20.75,245278,22.10
15:38:24,20.74,245324,22.22
15:38:27,20.73,245370,22.30
15:38:30,20.73,245416,22.58
15:38:33,20.72,245462,22.23
15:38:36,20.71,245508,22.78
15:38:39,20.70,245554,22.56
15:38:42,20.70,245600,22.81
15:38:45,20.69,245646,22.11
15:38:48,20.68,245692,22.23
15:38:51,20.67,245738,22.31
15:38:54,20.67,245784,22.59
15:38:57,20.66,245830,22.21
15:39:00,20.65,245876,22.77
15:39:03,20.64,245922,22.57
15:39:06,20.64,245968,22.80
15:39:09,20.63,246014,22.12
15:39:12,20.62,246060,22.24
15:39:15,20.61,246106,22.32
15:39:18,20.61,246152,22.60
15:39:21,20.60,246198,22.19
15:39:24,20.59,246244,22.76
15:39:27,20.58,246290,22.58
15:39:30,20.58,246336,22.79
15:39:33,20.57,246382,22.13
15:39:36,20.56,246428,22.25
15:39:39,20.55,246474,22.33
15:39:42,20.55,246520,22.61
15:39:45,20.54,246566,22.17
15:39:48,20.53,246612,22.75
15:39:51,20.52,246658,22.59
15:39:54,20.52,246704,22.78
15:39:57,20.51,246750,22.14
15:40:00,20.50,246796,22.26
15:40:03,20.49,246842,22.34
15:40:06,20.49,246888,22.62
15:40:09,20.48,246934,22.15
15:40:12,20.47,246980,22.74
15:40:15,20.46,247026,22.60
15:40:18,20.46,247072,22.77
15:40:21,20.45,247118,22.15
15:40:24,20.44,247164,22.27
15:40:27,20.43,247210,22.35
15:40:30,20.43,247256,22.63
15:40:33,20.42,247302,22.13
15:40:36,20.41,247348,22.73
15:40:39,20.40,247394,22.61
15:40:42,20.40,247440,22.76
15:40:45,20.39,247486,22.16
15:40:48,20.38,247532,22.28
15:40:51,20.37,247578,22.36
15:40:54,20.37,247624,22.64
15:40:57,20.36,247670,22.11
15:41:00,20.35,247716,22.72
15:41:03,20.34,247762,22.62
15:41:06,20.34,247808,22.75
15:41:09,20.33,247854,22.17
15:41:12,20.32,247900,22.29
15:41:15,20.31,247946,22.37
15:41:18,20.31,247992,22.65
15:41:21,20.30,248038,22.09
15:41:24,20.29,248084,22.71
15:41:27,20.28,248130,22.63
15:41:30,20.28,248176,22.74
15:41:33,20.27,248222,22.18
15:41:36,20.26,248268,22.30
15:41:39,20.25,248314,22.38
15:41:42,20.25,248360,22.66
15:41:45,20.24,248406,22.07
15:41:48,20.23,248452,22.70
15:41:51,20.22,248498,22.64
15:41:54,20.22,248544,22.73
15:41:57,20.21,248590,22.19
15:42:00,20.20,248636,22.31
15:42:03,20.19,248682,22.39
15:42:06,20.19,248728,22.67
15:42:09,20.18,248774,22.05
15:42:12,20.17,248820,22.69
15:42:15,20.16,248866,22.65
15:42:18,20.16,248912,22.72
15:42:21,20.15,248958,22.20
15:42:24,20.14,249004,22.32
15:42:27,20.13,249050,22.40
15:42:30,20.13,249096,22.68
15:42:33,20.12,249142,22.03
15:42:36,20.11,249188,22.68
15:42:39,20.10,249234,22.66
15:42:42,20.10,249280,22.71
15:42:45,20.09,249326,22.21
15:42:48,20.08,249372,22.33
15:42:51,20.07,249418,22.41
15:42:54,20.07,249464,22.69
15:42:57,20.06,249510,22.01
15:43:00,20.05,249556,22.67
15:43:03,20.04,249602,22.67
15:43:06,20.04,249648,22.70
15:43:09,20.03,249694,22.22
15:43:12,20.02,249740,22.34
15:43:15,20.01,249786,22.42
15:43:18,20.01,249832,22.70
15:43:21,20.00,249878,22.02
15:43:24,19.99,249924,22.66
15:43:27,19.98,249970,22.68
15:43:30,19.98,250016,22.69
15:43:33,19.97,250062,22.23
15:43:36,19.96,250108,22.35
15:43:39,19.95,250154,22.43
15:43:42,19.95,250200,22.71
15:43:45,19.94,250246,22.03
15:43:48,19.93,250292,22.65
15:43:51,19.92,250338,22.69
15:43:54,19.92,250384,22.68
15:43:57,19.91,250430,22.24
15:44:00,19.90,250476,22.36
15:44:03,19.89,250522,22.44
15:44:06,19.89,250568,22.72
15:44:09,19.88,250614,22.04
15:44:12,19.87,250660,22.64
15:44:15,19.86,250706,22.70
15:44:18,19.86,250752,22.67
15:44:21,19.85,250798,22.25
15:44:24,19.84,250844,22.37
15:44:27,19.83,250890,22.45
15:44:30,19.83,250936,22.73
15:44:33,19.82,250982,22.05
15:44:36,19.81,251028,22.63
15:44:39,19.80,251074,22.71
15:44:42,19.80,251120,22.66
15:44:45,19.79,251166,22.26
15:44:48,19.78,251212,22.38
15:44:51,19.77,251258,22.46
15:44:54,19.77,251304,22.74
15:44:57,19.76,251350,22.06
15:45:00,19.75,251396,22.62
15:45:03,19.74,251442,22.72
15:45:06,19.74,251488,22.65
15:45:09,19.73,251534,22.27
15:45:12,19.72,251580,22.39
15:45:15,19.71,251626,22.47
15:45:18,19.71,251672,22.75
15:45:21,19.70,251718,22.07
15:45:24,19.69,251764,22.61
15:45:27,19.68,251810,22.73
15:45:30,19.68,251856,22.64
15:45:33,19.67,251902,22.28
15:45:36,19.66,251948,22.40
15:45:39,19.65,251994,22.48
15:45:42,19.65,252040,22.76
15:45:45,19.64,252086,22.08
15:45:48,19.63,252132,22.60
15:45:51,19.62,252178,22.74
15:45:54,19.62,252224,22.63
15:45:57,19.61,252270,22.29
15:46:00,19.60,252316,22.41
15:46:03,19.59,252362,22.49
15:46:06,19.59,252408,22.77
15:46:09,19.58,252454,22.09
15:46:12,19.57,252500,22.59
15:46:15,19.56,252546,22.75
15:46:18,19.56,252592,22.62
15:46:21,19.55,252638,22.30
15:46:24,19.54,252684,22.42
15:46:27,19.53,252730,22.50
15:46:30,19.53,252776,22.78
15:46:33,19.52,252822,22.10
15:46:36,19.51,252868,22.58
15:46:39,19.50,252914,22.76
15:46:42,19.50,252960,22.61
15:46:45,19.49,253006,22.31
15:46:48,19.48,253052,22.43
15:46:51,19.47,253098,22.51
15:46:54,19.47,253144,22.79
15:46:57,19.46,253190,22.11
15:47:00,19.45,253236,22.57
15:47:03,19.44,253282,22.77
15:47:06,19.44,253328,22.60
15:47:09,19.43,253374,22.32
15:47:12,19.42,253420,22.44
15:47:15,19.41,253466,22.52
15:47:18,19.41,253512,22.80
15:47:21,19.40,253558,22.12
15:47:24,19.39,253604,22.56
15:47:27,19.38,253650,22.78
15:47:30,19.38,253696,22.59
15:47:33,19.37,253742,22.33
15:47:36,19.36,253788,22.45
15:47:39,19.35,253834,22.53
15:47:42,19.35,253880,22.81
15:47:45,19.34,253926,22.13
15:47:48,19.33,253972,22.55
15:47:51,19.32,254018,22.79
15:47:54,19.32,254064,22.58
15:47:57,19.31,254110,22.34
15:48:00,19.30,254156,22.46
15:48:03,19.29,254202,22.54
15:48:06,19.29,254248,22.82
15:48:09,19.28,254294,22.14
15:48:12,19.27,254340,22.54
15:48:15,19.26,254386,22.80
15:48:18,19.26,254432,22.57
15:48:21,19.25,254478,22.35
15:48:24,19.24,254524,22.47
15:48:27,19.23,254570,22.55
15:48:30,19.23,254616,22.83
15:48:33,19.22,254662,22.15
15:48:36,19.21,254708,22.53
15:48:39,19.20,254754,22.81
15:48:42,19.20,254800,22.56
15:48:45,19.19,254846,22.36
15:48:48,19.18,254892,22.48
15:48:51,19.17,254938,22.56
15:48:54,19.17,254984,22.84
15:48:57,19.16,255030,22.16
15:49:00,19.15,255076,22.52
15:49:03,19.14,255122,22.82
15:49:06,19.14,255168,22.55
15:49:09,19.13,255214,22.37
15:49:12,19.12,255260,22.49
15:49:15,19.11,255306,22.57
15:49:18,19.11,255352,22.85
15:49:21,19.10,255398,22.17
15:49:24,19.09,255444,22.51
15:49:27,19.08,255490,22.83
15:49:30,19.08,255536,22.54
15:49:33,19.07,255582,22.38
15:49:36,19.06,255628,22.50
15:49:39,19.05,255674,22.58
15:49:42,19.05,255720,22.86
15:49:45,19.04,255766,22.18
15:49:48,19.03,255812,22.50
15:49:51,19.02,255858,22.84
15:49:54,19.02,255904,22.53
15:49:57,19.01,255950,22.39
15:50:00,19.00,255996,22.51
15:50:03,18.99,256042,22.59
15:50:06,18.99,256088,22.87
15:50:09,18.98,256134,22.19
15:50:12,18.97,256180,22.49
15:50:15,18.96,256226,22.85
15:50:18,18.96,256272,22.52
15:50:21,18.95,256318,22.40
15:50:24,18.94,256364,22.52
15:50:27,18.93,256410,22.60
15:50:30,18.93,256456,22.88
15:50:33,18.92,256502,22.20
15:50:36,18.91,256548,22.48
15:50:39,18.90,256594,22.86
15:50:42,18.90,256640,22.51
15:50:45,18.89,256686,22.41
15:50:48,18.88,256732,22.53
15:50:51,18.87,256778,22.61
15:50:54,18.87,256824,22.89
15:50:57,18.86,256870,22.21
15:51:00,18.85,256916,22.47
15:51:03,18.84,256962,22.87
15:51:06,18.84,257008,22.50
15:51:09,18.83,257054,22.42
15:51:12,18.82,257100,22.54
15:51:15,18.81,257146,22.62
15:51:18,18.81,257192,22.90
15:51:21,18.80,257238,22.22
15:51:24,18.79,257284,22.46
15:51:27,18.78,257330,22.88
15:51:30,18.78,257376,22.49
15:51:33,18.77,257422,22.43
15:51:36,18.76,257468,22.55
15:51:39,18.75,257514,22.63
15:51:42,18.75,257560,22.91
15:51:45,18.74,257606,22.23
15:51:48,18.73,257652,22.45
15:51:51,18.72,257698,22.89
15:51:54,18.72,257744,22.48
15:51:57,18.71,257790,22.44
15:52:00,18.70,257836,22.56
15:52:03,18.69,257882,22.64
15:52:06,18.69,257928,22.92
15:52:09,18.68,257974,22.24
15:52:12,18.67,258020,22.44
15:52:15,18.66,258066,22.90
15:52:18,18.66,258112,22.47
15:52:21,18.65,258158,22.45
15:52:24,18.64,258204,22.57
15:52:27,18.63,258250,22.65
15:52:30,18.63,258296,22.93
15:52:33,18.62,258342,22.25
15:52:36,18.61,258388,22.43
15:52:39,18.60,258434,22.91
15:52:42,18.60,258480,22.46
15:52:45,18.59,258526,22.46
15:52:48,18.58,258572,22.58
15:52:51,18.57,258618,22.66
15:52:54,18.57,258664,22.94
15:52:57,18.56,258710,22.26
15:53:00,18.55,258756,22.42
15:53:03,18.54,258802,22.92
15:53:06,18.54,258848,22.45
15:53:09,18.53,258894,22.47
15:53:12,18.52,258940,22.59
15:53:15,18.51,258986,22.67
15:53:18,18.51,259032,22.95
15:53:21,18.50,259078,22.27
15:53:24,18.49,259124,22.41
15:53:27,18.48,259170,22.93
15:53:30,18.48,259216,22.44
15:53:33,18.47,259262,22.48
15:53:36,18.46,259308,22.60
15:53:39,18.45,259354,22.68
15:53:42,18.45,259400,22.96
15:53:45,18.44,259446,22.28
15:53:48,18.43,259492,22.40
15:53:51,18.42,259538,22.94
15:53:54,18.42,259584,22.43
15:53:57,18.41,259630,22.49
15:54:00,18.40,259676,22.61
15:54:03,18.39,259722,22.69
15:54:06,18.39,259768,22.97
15:54:09,18.38,259814,22.29
15:54:12,18.37,259860,22.39
15:54:15,18.36,259906,22.95
15:54:18,18.36,259952,22.42
15:54:21,18.35,259998,22.50
15:54:24,18.34,260044,22.62
15:54:27,18.33,260090,22.70
15:54:30,18.33,260136,22.98
15:54:33,18.32,260182,22.30
15:54:36,18.31,260228,22.38
15:54:39,18.30,260274,22.96
15:54:42,18.30,260320,22.41
15:54:45,18.29,260366,22.51
15:54:48,18.28,260412,22.63
15:54:51,18.27,260458,22.71
15:54:54,18.27,260504,22.99
15:54:57,18.26,260550,22.31
15:55:00,18.25,260596,22.37
15:55:03,18.24,260642,22.97
15:55:06,18.24,260688,22.40
15:55:09,18.23,260734,22.52
15:55:12,18.22,260780,22.64
15:55:15,18.21,260826,22.72
15:55:18,18.21,260872,22.99
15:55:21,18.20,260918,22.32
15:55:24,18.19,260964,22.36
15:55:27,18.18,261010,22.98
15:55:30,18.18,261056,22.39
15:55:33,18.17,261102,22.53
15:55:36,18.16,261148,22.65
15:55:39,18.15,261194,22.73
15:55:42,18.15,261240,22.98
15:55:45,18.14,261286,22.33
15:55:48,18.13,261332,22.35
15:55:51,18.12,261378,22.99
15:55:54,18.12,261424,22.38
15:55:57,18.11,261470,22.54
15:56:00,18.10,261516,22.66
15:56:03,18.09,261562,22.74
15:56:06,18.09,261608,22.97
15:56:09,18.08,261654,22.34
15:56:12,18.07,261700,22.34
15:56:15,18.06,261746,22.96
15:56:18,18.06,261792,22.37
15:56:21,18.05,261838,22.55
15:56:24,18.04,261884,22.67
15:56:27,18.03,261930,22.75
15:56:30,18.03,261976,22.96
15:56:33,18.02,262022,22.35
15:56:36,18.01,262068,22.33
15:56:39,18.00,262114,22.95
15:56:42,18.00,262160,22.36
15:56:45,17.99,262206,22.56
15:56:48,17.98,262252,22.68
15:56:51,17.97,262298,22.76
15:56:54,17.97,262344,22.95
15:56:57,17.96,262390,22.36
15:57:00,17.95,262436,22.32
15:57:03,17.94,262482,22.94
15:57:06,17.94,262528,22.35
15:57:09,17.93,262574,22.57
15:57:12,17.92,262620,22.69
15:57:15,17.91,262666,22.77
15:57:18,17.91,262712,22.94
15:57:21,17.90,262758,22.37
15:57:24,17.89,262804,22.31
15:57:27,17.88,262850,22.93
15:57:30,17.88,262896,22.34
15:57:33,17.87,262942,22.58
15:57:36,17.86,262988,22.70
15:57:39,17.85,263034,22.78
15:57:42,17.85,263080,22.93
15:57:45,17.84,263126,22.38
15:57:48,17.83,263172,22.30
15:57:51,17.82,263218,22.92
15:57:54,17.82,263264,22.33
15:57:57,17.81,263310,22.59
15:58:00,17.80,263356,22.71
15:58:03,17.79,263402,22.79
15:58:06,17.79,263448,22.92
15:58:09,17.78,263494,22.39
15:58:12,17.77,263540,22.29
15:58:15,17.76,263586,22.91
15:58:18,17.76,263632,22.32
15:58:21,17.75,263678,22.60
15:58:24,17.74,263724,22.72
15:58:27,17.73,263770,22.80
15:58:30,17.73,263816,22.91
15:58:33,17.72,263862,22.40
15:58:36,17.71,263908,22.28
15:58:39,17.70,263954,22.90
15:58:42,17.70,264000,22.31
15:58:45,17.69,264046,22.61
15:58:48,17.68,264092,22.73
15:58:51,17.67,264138,22.81
15:58:54,17.67,264184,22.90
15:58:57,17.66,264230,22.41
15:59:00,17.65,264276,22.27
15:59:03,17.64,264322,22.89
15:59:06,17.64,264368,22.30
15:59:09,17.63,264414,22.62
15:59:12,17.62,264460,22.74
15:59:15,17.61,264506,22.82
15:59:18,17.61,264552,22.89
15:59:21,17.60,264598,22.42
15:59:24,17.59,264644,22.26
15:59:27,17.58,264690,22.88
15:59:30,17.58,264736,22.29
15:59:33,17.57,264782,22.63
15:59:36,17.56,264828,22.75
15:59:39,17.55,264874,22.83
15:59:42,17.55,264920,22.88
15:59:45,17.54,264966,22.43
15:59:48,17.53,265012,22.25
15:59:51,17.52,265058,22.87
15:59:54,17.52,265104,22.28
15:59:57,17.51,265150,22.64