hora,temp,light,soil
16:00:00,17.50,265195,22.78
16:00:03,17.51,265241,22.33
16:00:06,17.52,265288,22.91
16:00:09,17.52,265335,22.15
16:00:12,17.53,265381,22.56
16:00:15,17.54,265427,22.84
16:00:18,17.55,265474,22.02
16:00:21,17.55,265520,22.48
16:00:24,17.56,265566,22.71
16:00:27,17.57,265613,22.29
16:00:30,17.58,265659,22.65
16:00:33,17.58,265705,22.99
16:00:36,17.59,265752,22.08
16:00:39,17.60,265798,22.41
16:00:42,17.61,265845,22.88
16:00:45,17.61,265891,22.12
16:00:48,17.62,265937,22.59
16:00:51,17.63,265984,22.75
16:00:54,17.64,266030,22.34
16:00:57,17.64,266076,22.62
16:01:00,17.65,266123,22.95
16:01:03,17.66,266169,22.05
16:01:06,17.67,266215,22.51
16:01:09,17.67,266262,22.79
16:01:12,17.68,266308,22.26
16:01:15,17.69,266354,22.68
16:01:18,17.70,266401,22.81
16:01:21,17.70,266447,22.18
16:01:24,17.71,266493,22.54
16:01:27,17.72,266540,22.85
16:01:30,17.73,266586,22.09
16:01:33,17.73,266632,22.45
16:01:36,17.74,266679,22.72
16:01:39,17.75,266725,22.30
16:01:42,17.76,266772,22.60
16:01:45,17.76,266818,22.91
16:01:48,17.77,266864,22.16
16:01:51,17.78,266911,22.50
16:01:54,17.79,266957,22.82
16:01:57,17.79,267003,22.06
16:02:00,17.80,267050,22.42
16:02:03,17.81,267096,22.76
16:02:06,17.82,267142,22.23
16:02:09,17.82,267189,22.63
16:02:12,17.83,267235,22.94
16:02:15,17.84,267281,22.13
16:02:18,17.85,267328,22.49
16:02:21,17.85,267374,22.78
16:02:24,17.86,267420,22.37
16:02:27,17.87,267467,22.66
16:02:30,17.88,267513,22.97
16:02:33,17.88,267559,22.03
16:02:36,17.89,267606,22.40
16:02:39,17.90,267652,22.80
16:02:42,17.91,267699,22.20
16:02:45,17.91,267745,22.58
16:02:48,17.92,267791,22.89
16:02:51,17.93,267838,22.10
16:02:54,17.94,267884,22.46
16:02:57,17.94,267930,22.75
16:03:00,17.95,267977,22.33
16:03:03,17.96,268023,22.69
16:03:06,17.97,268069,22.92
16:03:09,17.97,268116,22.19
16:03:12,17.98,268162,22.53
16:03:15,17.99,268208,22.86
16:03:18,18.00,268255,22.07
16:03:21,18.00,268301,22.43
16:03:24,18.01,268347,22.71
16:03:27,18.02,268394,22.39
16:03:30,18.03,268440,22.62
16:03:33,18.03,268486,22.95
16:03:36,18.04,268533,22.15
16:03:39,18.05,268579,22.50
16:03:42,18.06,268626,22.83
16:03:45,18.06,268672,22.04
16:03:48,18.07,268718,22.40
16:03:51,18.08,268765,22.77
16:03:54,18.09,268811,22.25
16:03:57,18.09,268857,22.65
16:04:00,18.10,268904,22.90
16:04:03,18.11,268950,22.12
16:04:06,18.12,268996,22.48
16:04:09,18.12,269043,22.79
16:04:12,18.13,269089,22.36
16:04:15,18.14,269135,22.68
16:04:18,18.15,269182,22.84
16:04:21,18.15,269228,22.01
16:04:24,18.16,269274,22.39
16:04:27,18.17,269321,22.74
16:04:30,18.18,269367,22.28
16:04:33,18.18,269413,22.61
16:04:36,18.19,269460,22.93
16:04:39,18.20,269506,22.18
16:04:42,18.21,269553,22.52
16:04:45,18.21,269599,22.85
16:04:48,18.22,269645,22.08
16:04:51,18.23,269692,22.44
16:04:54,18.24,269738,22.77
16:04:57,18.24,269784,22.31
16:05:00,18.25,269831,22.64
16:05:03,18.26,269877,22.96
16:05:06,18.27,269923,22.14
16:05:09,18.27,269970,22.50
16:05:12,18.28,270016,22.82
16:05:15,18.29,270062,22.05
16:05:18,18.30,270109,22.41
16:05:21,18.30,270155,22.70
16:05:24,18.31,270201,22.38
16:05:27,18.32,270248,22.67
16:05:30,18.33,270294,22.98
16:05:33,18.33,270340,22.02
16:05:36,18.34,270387,22.38
16:05:39,18.35,270433,22.73
16:05:42,18.36,270480,22.27
16:05:45,18.36,270526,22.60
16:05:48,18.37,270572,22.92
16:05:51,18.38,270619,22.17
16:05:54,18.39,270665,22.51
16:05:57,18.39,270711,22.84
16:06:00,18.40,270758,22.07
16:06:03,18.41,270804,22.43
16:06:06,18.42,270850,22.76
16:06:09,18.42,270897,22.30
16:06:12,18.43,270943,22.63
16:06:15,18.44,270989,22.95
16:06:18,18.45,271036,22.11
16:06:21,18.45,271082,22.47
16:06:24,18.46,271128,22.80
16:06:27,18.47,271175,22.24
16:06:30,18.48,271221,22.59
16:06:33,18.48,271267,22.91
16:06:36,18.49,271314,22.16
16:06:39,18.50,271360,22.50
16:06:42,18.51,271407,22.83
16:06:45,18.51,271453,22.06
16:06:48,18.52,271499,22.42
16:06:51,18.53,271546,22.75
16:06:54,18.54,271592,22.29
16:06:57,18.54,271638,22.62
16:07:00,18.55,271685,22.94
16:07:03,18.56,271731,22.10
16:07:06,18.57,271777,22.46
16:07:09,18.57,271824,22.79
16:07:12,18.58,271870,22.22
16:07:15,18.59,271916,22.58
16:07:18,18.60,271963,22.90
16:07:21,18.60,272009,22.15
16:07:24,18.61,272055,22.49
16:07:27,18.62,272102,22.82
16:07:30,18.63,272148,22.05
16:07:33,18.63,272194,22.41
16:07:36,18.64,272241,22.74
16:07:39,18.65,272287,22.37
16:07:42,18.66,272334,22.66
16:07:45,18.66,272380,22.97
16:07:48,18.67,272426,22.01
16:07:51,18.68,272473,22.37
16:07:54,18.69,272519,22.72
16:07:57,18.69,272565,22.26
16:08:00,18.70,272612,22.59
16:08:03,18.71,272658,22.91
16:08:06,18.72,272704,22.14
16:08:09,18.72,272751,22.48
16:08:12,18.73,272797,22.81
16:08:15,18.74,272843,22.04
16:08:18,18.75,272890,22.40
16:08:21,18.75,272936,22.73
16:08:24,18.76,272982,22.35
16:08:27,18.77,273029,22.65
16:08:30,18.78,273075,22.96
16:08:33,18.78,273121,22.00
16:08:36,18.79,273168,22.36
16:08:39,18.80,273214,22.71
16:08:42,18.81,273261,22.25
16:08:45,18.81,273307,22.58
16:08:48,18.82,273353,22.90
16:08:51,18.83,273400,22.13
16:08:54,18.84,273446,22.47
16:08:57,18.84,273492,22.80
16:09:00,18.85,273539,22.03
16:09:03,18.86,273585,22.39
16:09:06,18.87,273631,22.72
16:09:09,18.87,273678,22.34
16:09:12,18.88,273724,22.64
16:09:15,18.89,273770,22.95
16:09:18,18.90,273817,22.19
16:09:21,18.90,273863,22.52
16:09:24,18.91,273909,22.85
16:09:27,18.92,273956,22.08
16:09:30,18.93,274002,22.43
16:09:33,18.93,274048,22.76
16:09:36,18.94,274095,22.28
16:09:39,18.95,274141,22.61
16:09:42,18.96,274188,22.93
16:09:45,18.96,274234,22.17
16:09:48,18.97,274280,22.51
16:09:51,18.98,274327,22.84
16:09:54,18.99,274373,22.06
16:09:57,18.99,274419,22.42
16:10:00,19.00,274466,22.75
16:10:03,19.01,274512,22.36
16:10:06,19.02,274558,22.68
16:10:09,19.02,274605,22.99
16:10:12,19.03,274651,22.02
16:10:15,19.04,274697,22.38
16:10:18,19.05,274744,22.71
16:10:21,19.05,274790,22.25
16:10:24,19.06,274836,22.58
16:10:27,19.07,274883,22.90
16:10:30,19.08,274929,22.14
16:10:33,19.08,274975,22.48
16:10:36,19.09,275022,22.81
16:10:39,19.10,275068,22.04
16:10:42,19.11,275115,22.40
16:10:45,19.11,275161,22.73
16:10:48,19.12,275207,22.33
16:10:51,19.13,275254,22.63
16:10:54,19.14,275300,22.94
16:10:57,19.14,275346,22.18
16:11:00,19.15,275393,22.51
16:11:03,19.16,275439,22.84
16:11:06,19.17,275485,22.07
16:11:09,19.17,275532,22.42
16:11:12,19.18,275578,22.75
16:11:15,19.19,275624,22.27
16:11:18,19.20,275671,22.60
16:11:21,19.20,275717,22.92
16:11:24,19.21,275763,22.16
16:11:27,19.22,275810,22.50
16:11:30,19.23,275856,22.83
16:11:33,19.23,275902,22.05
16:11:36,19.24,275949,22.41
16:11:39,19.25,275995,22.74
16:11:42,19.26,276042,22.35
16:11:45,19.26,276088,22.67
16:11:48,19.27,276134,22.98
16:11:51,19.28,276181,22.01
16:11:54,19.29,276227,22.37
16:11:57,19.29,276273,22.70
16:12:00,19.30,276320,22.24
16:12:03,19.31,276366,22.57
16:12:06,19.32,276412,22.89
16:12:09,19.32,276459,22.13
16:12:12,19.33,276505,22.47
16:12:15,19.34,276551,22.80
16:12:18,19.35,276598,22.03
16:12:21,19.35,276644,22.39
16:12:24,19.36,276690,22.72
16:12:27,19.37,276737,22.33
16:12:30,19.38,276783,22.63
16:12:33,19.38,276829,22.94
16:12:36,19.39,276876,22.17
16:12:39,19.40,276922,22.50
16:12:42,19.41,276969,22.83
16:12:45,19.41,277015,22.06
16:12:48,19.42,277061,22.41
16:12:51,19.43,277108,22.74
16:12:54,19.44,277154,22.26
16:12:57,19.44,277200,22.59
16:13:00,19.45,277247,22.91
16:13:03,19.46,277293,22.15
16:13:06,19.47,277339,22.49
16:13:09,19.47,277386,22.82
16:13:12,19.48,277432,22.04
16:13:15,19.49,277478,22.40
16:13:18,19.50,277525,22.73
16:13:21,19.50,277571,22.34
16:13:24,19.51,277617,22.66
16:13:27,19.52,277664,22.97
16:13:30,19.53,277710,22.00
16:13:33,19.53,277756,22.36
16:13:36,19.54,277803,22.69
16:13:39,19.55,277849,22.23
16:13:42,19.56,277896,22.56
16:13:45,19.56,277942,22.88
16:13:48,19.57,277988,22.12
16:13:51,19.58,278035,22.46
16:13:54,19.59,278081,22.79
16:13:57,19.59,278127,22.02
16:14:00,19.60,278174,22.38
16:14:03,19.61,278220,22.71
16:14:06,19.62,278266,22.32
16:14:09,19.62,278313,22.62
16:14:12,19.63,278359,22.93
16:14:15,19.64,278405,22.16
16:14:18,19.65,278452,22.49
16:14:21,19.65,278498,22.82
16:14:24,19.66,278544,22.05
16:14:27,19.67,278591,22.40
16:14:30,19.68,278637,22.73
16:14:33,19.68,278683,22.25
16:14:36,19.69,278730,22.58
16:14:39,19.70,278776,22.90
16:14:42,19.71,278823,22.14
16:14:45,19.71,278869,22.48
16:14:48,19.72,278915,22.81
16:14:51,19.73,278962,22.04
16:14:54,19.74,279008,22.39
16:14:57,19.74,279054,22.72
16:15:00,19.75,279101,22.33
16:15:03,19.76,279147,22.65
16:15:06,19.77,279193,22.96
16:15:09,19.77,279240,22.00
16:15:12,19.78,279286,22.35
16:15:15,19.79,279332,22.68
16:15:18,19.80,279379,22.22
16:15:21,19.80,279425,22.55
16:15:24,19.81,279471,22.87
16:15:27,19.82,279518,22.11
16:15:30,19.83,279564,22.45
16:15:33,19.83,279610,22.78
16:15:36,19.84,279657,22.01
16:15:39,19.85,279703,22.37
16:15:42,19.86,279750,22.70
16:15:45,19.86,279796,22.31
16:15:48,19.87,279842,22.61
16:15:51,19.88,279889,22.92
16:15:54,19.89,279935,22.15
16:15:57,19.89,279981,22.48
16:16:00,19.90,280028,22.81
16:16:03,19.91,280074,22.04
16:16:06,19.92,280120,22.39
16:16:09,19.92,280167,22.72
16:16:12,19.93,280213,22.24
16:16:15,19.94,280259,22.57
16:16:18,19.95,280306,22.89
16:16:21,19.95,280352,22.13
16:16:24,19.96,280398,22.47
16:16:27,19.97,280445,22.80
16:16:30,19.98,280491,22.03
16:16:33,19.98,280537,22.38
16:16:36,19.99,280584,22.71
16:16:39,20.00,280630,22.32
16:16:42,20.01,280677,22.62
16:16:45,20.01,280723,22.93
16:16:48,20.02,280769,22.16
16:16:51,20.03,280816,22.49
16:16:54,20.04,280862,22.82
16:16:57,20.04,280908,22.05
16:17:00,20.05,280955,22.40
16:17:03,20.06,281001,22.73
16:17:06,20.07,281047,22.26
16:17:09,20.07,281094,22.59
16:17:12,20.08,281140,22.91
16:17:15,20.09,281186,22.15
16:17:18,20.10,281233,22.48
16:17:21,20.10,281279,22.81
16:17:24,20.11,281325,22.04
16:17:27,20.12,281372,22.39
16:17:30,20.13,281418,22.72
16:17:33,20.13,281464,22.33
16:17:36,20.14,281511,22.63
16:17:39,20.15,281557,22.94
16:17:42,20.16,281604,22.17
16:17:45,20.16,281650,22.50
16:17:48,20.17,281696,22.83
16:17:51,20.18,281743,22.06
16:17:54,20.19,281789,22.41
16:17:57,20.19,281835,22.74
16:18:00,20.20,281882,22.27
16:18:03,20.21,281928,22.60
16:18:06,20.22,281974,22.92
16:18:09,20.22,282021,22.16
16:18:12,20.23,282067,22.49
16:18:15,20.24,282113,22.82
16:18:18,20.25,282160,22.05
16:18:21,20.25,282206,22.40
16:18:24,20.26,282252,22.73
16:18:27,20.27,282299,22.34
16:18:30,20.28,282345,22.64
16:18:33,20.28,282391,22.95
16:18:36,20.29,282438,22.18
16:18:39,20.30,282484,22.51
16:18:42,20.31,282531,22.84
16:18:45,20.31,282577,22.07
16:18:48,20.32,282623,22.42
16:18:51,20.33,282670,22.75
16:18:54,20.34,282716,22.28
16:18:57,20.34,282762,22.61
16:19:00,20.35,282809,22.93
16:19:03,20.36,282855,22.17
16:19:06,20.37,282901,22.50
16:19:09,20.37,282948,22.83
16:19:12,20.38,282994,22.06
16:19:15,20.39,283040,22.41
16:19:18,20.40,283087,22.74
16:19:21,20.40,283133,22.35
16:19:24,20.41,283179,22.65
16:19:27,20.42,283226,22.96
16:19:30,20.43,283272,22.00
16:19:33,20.43,283318,22.36
16:19:36,20.44,283365,22.69
16:19:39,20.45,283411,22.23
16:19:42,20.46,283458,22.56
16:19:45,20.46,283504,22.88
16:19:48,20.47,283550,22.12
16:19:51,20.48,283597,22.46
16:19:54,20.49,283643,22.79
16:19:57,20.49,283689,22.02
16:20:00,20.50,283736,22.38
16:20:03,20.51,283782,22.71
16:20:06,20.52,283828,22.32
16:20:09,20.52,283875,22.62
16:20:12,20.53,283921,22.93
16:20:15,20.54,283967,22.16
16:20:18,20.55,284014,22.49
16:20:21,20.55,284060,22.82
16:20:24,20.56,284106,22.05
16:20:27,20.57,284153,22.40
16:20:30,20.58,284199,22.73
16:20:33,20.58,284245,22.25
16:20:36,20.59,284292,22.58
16:20:39,20.60,284338,22.90
16:20:42,20.61,284385,22.14
16:20:45,20.61,284431,22.48
16:20:48,20.62,284477,22.81
16:20:51,20.63,284524,22.04
16:20:54,20.64,284570,22.39
16:20:57,20.64,284616,22.72
16:21:00,20.65,284663,22.33
16:21:03,20.66,284709,22.63
16:21:06,20.67,284755,22.94
16:21:09,20.67,284802,22.17
16:21:12,20.68,284848,22.50
16:21:15,20.69,284894,22.83
16:21:18,20.70,284941,22.06
16:21:21,20.70,284987,22.41
16:21:24,20.71,285033,22.74
16:21:27,20.72,285080,22.27
16:21:30,20.73,285126,22.60
16:21:33,20.73,285172,22.92
16:21:36,20.74,285219,22.16
16:21:39,20.75,285265,22.49
16:21:42,20.76,285312,22.82
16:21:45,20.76,285358,22.05
16:21:48,20.77,285404,22.40
16:21:51,20.78,285451,22.73
16:21:54,20.79,285497,22.34
16:21:57,20.79,285543,22.64
16:22:00,20.80,285590,22.95
16:22:03,20.81,285636,22.18
16:22:06,20.82,285682,22.51
16:22:09,20.82,285729,22.84
16:22:12,20.83,285775,22.07
16:22:15,20.84,285821,22.42
16:22:18,20.85,285868,22.75
16:22:21,20.85,285914,22.28
16:22:24,20.86,285960,22.61
16:22:27,20.87,286007,22.93
16:22:30,20.88,286053,22.17
16:22:33,20.88,286099,22.50
16:22:36,20.89,286146,22.83
16:22:39,20.90,286192,22.06
16:22:42,20.91,286239,22.41
16:22:45,20.91,286285,22.74
16:22:48,20.92,286331,22.35
16:22:51,20.93,286378,22.65
16:22:54,20.94,286424,22.96
16:22:57,20.94,286470,22.00
16:23:00,20.95,286517,22.36
16:23:03,20.96,286563,22.69
16:23:06,20.97,286609,22.23
16:23:09,20.97,286656,22.56
16:23:12,20.98,286702,22.88
16:23:15,20.99,286748,22.12
16:23:18,21.00,286795,22.46
16:23:21,21.00,286841,22.79
16:23:24,21.01,286887,22.02
16:23:27,21.02,286934,22.38
16:23:30,21.03,286980,22.71
16:23:33,21.03,287026,22.32
16:23:36,21.04,287073,22.62
16:23:39,21.05,287119,22.93
16:23:42,21.06,287166,22.16
16:23:45,21.06,287212,22.49
16:23:48,21.07,287258,22.82
16:23:51,21.08,287305,22.05
16:23:54,21.09,287351,22.40
16:23:57,21.09,287397,22.73
16:24:00,21.10,287444,22.26
16:24:03,21.11,287490,22.59
16:24:06,21.12,287536,22.91
16:24:09,21.12,287583,22.15
16:24:12,21.13,287629,22.48
16:24:15,21.14,287675,22.81
16:24:18,21.15,287722,22.04
16:24:21,21.15,287768,22.39
16:24:24,21.16,287814,22.72
16:24:27,21.17,287861,22.33
16:24:30,21.18,287907,22.63
16:24:33,21.18,287953,22.94
16:24:36,21.19,288000,22.17
16:24:39,21.20,288046,22.50
16:24:42,21.21,288093,22.83
16:24:45,21.21,288139,22.06
16:24:48,21.22,288185,22.41
16:24:51,21.23,288232,22.74
16:24:54,21.24,288278,22.27
16:24:57,21.24,288324,22.60
16:25:00,21.25,288371,22.92
16:25:03,21.26,288417,22.16
16:25:06,21.27,288463,22.49
16:25:09,21.27,288510,22.82
16:25:12,21.28,288556,22.05
16:25:15,21.29,288602,22.40
16:25:18,21.30,288649,22.73
16:25:21,21.30,288695,22.34
16:25:24,21.31,288741,22.64
16:25:27,21.32,288788,22.95
16:25:30,21.33,288834,22.18
16:25:33,21.33,288880,22.51
16:25:36,21.34,288927,22.84
16:25:39,21.35,288973,22.07
16:25:42,21.36,289020,22.42
16:25:45,21.36,289066,22.75
16:25:48,21.37,289112,22.28
16:25:51,21.38,289159,22.61
16:25:54,21.39,289205,22.93
16:25:57,21.39,289251,22.17
16:26:00,21.40,289298,22.50
16:26:03,21.41,289344,22.83
16:26:06,21.42,289390,22.06
16:26:09,21.42,289437,22.41
16:26:12,21.43,289483,22.74
16:26:15,21.44,289529,22.35
16:26:18,21.45,289576,22.65
16:26:21,21.45,289622,22.96
16:26:24,21.46,289668,22.00
16:26:27,21.47,289715,22.36
16:26:30,21.48,289761,22.69
16:26:33,21.48,289807,22.23
16:26:36,21.49,289854,22.56
16:26:39,21.50,289900,22.88
16:26:42,21.51,289947,22.12
16:26:45,21.51,289993,22.46
16:26:48,21.52,290039,22.79
16:26:51,21.53,290086,22.02
16:26:54,21.54,290132,22.38
16:26:57,21.54,290178,22.71
16:27:00,21.55,290225,22.32
16:27:03,21.56,290271,22.62
16:27:06,21.57,290317,22.93
16:27:09,21.57,290364,22.16
16:27:12,21.58,290410,22.49
16:27:15,21.59,290456,22.82
16:27:18,21.60,290503,22.05
16:27:21,21.60,290549,22.40
16:27:24,21.61,290595,22.73
16:27:27,21.62,290642,22.25
16:27:30,21.63,290688,22.58
16:27:33,21.63,290734,22.90
16:27:36,21.64,290781,22.14
16:27:39,21.65,290827,22.48
16:27:42,21.66,290874,22.81
16:27:45,21.66,290920,22.04
16:27:48,21.67,290966,22.39
16:27:51,21.68,291013,22.72
16:27:54,21.69,291059,22.33
16:27:57,21.69,291105,22.63
16:28:00,21.70,291152,22.94
16:28:03,21.71,291198,22.17
16:28:06,21.72,291244,22.50
16:28:09,21.72,291291,22.83
16:28:12,21.73,291337,22.06
16:28:15,21.74,291383,22.41
16:28:18,21.75,291430,22.74
16:28:21,21.75,291476,22.27
16:28:24,21.76,291522,22.60
16:28:27,21.77,291569,22.92
16:28:30,21.78,291615,22.16
16:28:33,21.78,291661,22.49
16:28:36,21.79,291708,22.82
16:28:39,21.80,291754,22.05
16:28:42,21.81,291801,22.40
16:28:45,21.81,291847,22.73
16:28:48,21.82,291893,22.34
16:28:51,21.83,291940,22.64
16:28:54,21.84,291986,22.95
16:28:57,21.84,292032,22.18
16:29:00,21.85,292079,22.51
16:29:03,21.86,292125,22.84
16:29:06,21.87,292171,22.07
16:29:09,21.87,292218,22.42
16:29:12,21.88,292264,22.75
16:29:15,21.89,292310,22.28
16:29:18,21.90,292357,22.61
16:29:21,21.90,292403,22.93
16:29:24,21.91,292449,22.17
16:29:27,21.92,292496,22.50
16:29:30,21.93,292542,22.83
16:29:33,21.93,292588,22.06
16:29:36,21.94,292635,22.41
16:29:39,21.95,292681,22.74
16:29:42,21.96,292728,22.35
16:29:45,21.96,292774,22.65
16:29:48,21.97,292820,22.96
16:29:51,21.98,292867,22.00
16:29:54,21.99,292913,22.36
16:29:57,21.99,292959,22.69
16:30:00,22.00,293006,22.23
16:30:03,22.01,293052,22.56
16:30:06,22.02,293098,22.88
16:30:09,22.02,293145,22.12
16:30:12,22.03,293191,22.46
16:30:15,22.04,293237,22.79
16:30:18,22.05,293284,22.02
16:30:21,22.05,293330,22.38
16:30:24,22.06,293376,22.71
16:30:27,22.07,293423,22.32
16:30:30,22.08,293469,22.62
16:30:33,22.08,293515,22.93
16:30:36,22.09,293562,22.16
16:30:39,22.10,293608,22.49
16:30:42,22.11,293655,22.82
16:30:45,22.11,293701,22.05
16:30:48,22.12,293747,22.40
16:30:51,22.13,293794,22.73
16:30:54,22.14,293840,22.26
16:30:57,22.14,293886,22.59
16:31:00,22.15,293933,22.91
16:31:03,22.16,293979,22.15
16:31:06,22.17,294025,22.48
16:31:09,22.17,294072,22.81
16:31:12,22.18,294118,22.04
16:31:15,22.19,294164,22.39
16:31:18,22.20,294211,22.72
16:31:21,22.20,294257,22.33
16:31:24,22.21,294303,22.63
16:31:27,22.22,294350,22.94
16:31:30,22.23,294396,22.17
16:31:33,22.23,294442,22.50
16:31:36,22.24,294489,22.83
16:31:39,22.25,294535,22.06
16:31:42,22.26,294582,22.41
16:31:45,22.26,294628,22.74
16:31:48,22.27,294674,22.27
16:31:51,22.28,294721,22.60
16:31:54,22.29,294767,22.92
16:31:57,22.29,294813,22.16
16:32:00,22.30,294860,22.49
16:32:03,22.31,294906,22.82
16:32:06,22.32,294952,22.05
16:32:09,22.32,294999,22.40
16:32:12,22.33,295045,22.73
16:32:15,22.34,295091,22.34
16:32:18,22.35,295138,22.64
16:32:21,22.35,295184,22.95
16:32:24,22.36,295230,22.18
16:32:27,22.37,295277,22.51
16:32:30,22.38,295323,22.84
16:32:33,22.38,295369,22.07
16:32:36,22.39,295416,22.42
16:32:39,22.40,295462,22.75
16:32:42,22.41,295509,22.28
16:32:45,22.41,295555,22.61
16:32:48,22.42,295601,22.93
16:32:51,22.43,295648,22.17
16:32:54,22.44,295694,22.50
16:32:57,22.44,295740,22.83
16:33:00,22.45,295787,22.06
16:33:03,22.46,295833,22.41
16:33:06,22.47,295879,22.74
16:33:09,22.47,295926,22.35
16:33:12,22.48,295972,22.65
16:33:15,22.49,296018,22.96
16:33:18,22.50,296065,22.00
16:33:21,22.50,296111,22.36
16:33:24,22.51,296157,22.69
16:33:27,22.52,296204,22.23
16:33:30,22.53,296250,22.56
16:33:33,22.53,296296,22.88
16:33:36,22.54,296343,22.12
16:33:39,22.55,296389,22.46
16:33:42,22.56,296436,22.79
16:33:45,22.56,296482,22.02
16:33:48,22.57,296528,22.38
16:33:51,22.58,296575,22.71
16:33:54,22.59,296621,22.32
16:33:57,22.59,296667,22.62
16:34:00,22.60,296714,22.93
16:34:03,22.61,296760,22.16
16:34:06,22.62,296806,22.49
16:34:09,22.62,296853,22.82
16:34:12,22.63,296899,22.05
16:34:15,22.64,296945,22.40
16:34:18,22.65,296992,22.73
16:34:21,22.65,297038,22.26
16:34:24,22.66,297084,22.59
16:34:27,22.67,297131,22.91
16:34:30,22.68,297177,22.15
16:34:33,22.68,297223,22.48
16:34:36,22.69,297270,22.81
16:34:39,22.70,297316,22.04
16:34:42,22.71,297363,22.39
16:34:45,22.71,297409,22.72
16:34:48,22.72,297455,22.33
16:34:51,22.73,297502,22.63
16:34:54,22.74,297548,22.94
16:34:57,22.74,297594,22.17
16:35:00,22.75,297641,22.50
16:35:03,22.76,297687,22.83
16:35:06,22.77,297733,22.06
16:35:09,22.77,297780,22.41
16:35:12,22.78,297826,22.74
16:35:15,22.79,297872,22.27
16:35:18,22.80,297919,22.60
16:35:21,22.80,297965,22.92
16:35:24,22.81,298011,22.16
16:35:27,22.82,298058,22.49
16:35:30,22.83,298104,22.82
16:35:33,22.83,298150,22.05
16:35:36,22.84,298197,22.40
16:35:39,22.85,298243,22.73
16:35:42,22.86,298290,22.34
16:35:45,22.86,298336,22.64
16:35:48,22.87,298382,22.95
16:35:51,22.88,298429,22.18
16:35:54,22.89,298475,22.51
16:35:57,22.89,298521,22.84
16:36:00,22.90,298568,22.07
16:36:03,22.91,298614,22.42
16:36:06,22.92,298660,22.75
16:36:09,22.92,298707,22.28
16:36:12,22.93,298753,22.61
16:36:15,22.94,298799,22.93
16:36:18,22.95,298846,22.17
16:36:21,22.95,298892,22.50
16:36:24,22.96,298938,22.83
16:36:27,22.97,298985,22.06
16:36:30,22.98,299031,22.41
16:36:33,22.98,299077,22.74
16:36:36,22.99,299124,22.35
16:36:39,23.00,299170,22.65
16:36:42,23.01,299217,22.96
16:36:45,23.01,299263,22.00
16:36:48,23.02,299309,22.36
16:36:51,23.03,299356,22.69
16:36:54,23.04,299402,22.23
16:36:57,23.04,299448,22.56
16:37:00,23.05,299495,22.88
16:37:03,23.06,299541,22.12
16:37:06,23.07,299587,22.46
16:37:09,23.07,299634,22.79
16:37:12,23.08,299680,22.02
16:37:15,23.09,299726,22.38
16:37:18,23.10,299773,22.71
16:37:21,23.10,299819,22.32
16:37:24,23.11,299865,22.62
16:37:27,23.12,299912,22.93
16:37:30,23.13,299958,22.16
16:37:33,23.13,300004,22.49
16:37:36,23.14,300051,22.82
16:37:39,23.15,300097,22.05
16:37:42,23.16,300144,22.40
16:37:45,23.16,300190,22.73
16:37:48,23.17,300236,22.26
16:37:51,23.18,300283,22.59
16:37:54,23.19,300329,22.91
16:37:57,23.19,300375,22.15
16:38:00,23.20,300422,22.48
16:38:03,23.21,300468,22.81
16:38:06,23.22,300514,22.04
16:38:09,23.22,300561,22.39
16:38:12,23.23,300607,22.72
16:38:15,23.24,300653,22.33
16:38:18,23.25,300700,22.63
16:38:21,23.25,300746,22.94
16:38:24,23.26,300792,22.17
16:38:27,23.27,300839,22.50
16:38:30,23.28,300885,22.83
16:38:33,23.28,300931,22.06
16:38:36,23.29,300978,22.41
16:38:39,23.30,301024,22.74
16:38:42,23.31,301071,22.27
16:38:45,23.31,301117,22.60
16:38:48,23.32,301163,22.92
16:38:51,23.33,301210,22.16
16:38:54,23.34,301256,22.49
16:38:57,23.34,301302,22.82
16:39:00,23.35,301349,22.05
16:39:03,23.36,301395,22.40
16:39:06,23.37,301441,22.73
16:39:09,23.37,301488,22.34
16:39:12,23.38,301534,22.64
16:39:15,23.39,301580,22.95
16:39:18,23.40,301627,22.18
16:39:21,23.40,301673,22.51
16:39:24,23.41,301719,22.84
16:39:27,23.42,301766,22.07
16:39:30,23.43,301812,22.42
16:39:33,23.43,301858,22.75
16:39:36,23.44,301905,22.28
16:39:39,23.45,301951,22.61
16:39:42,23.46,301998,22.93
16:39:45,23.46,302044,22.17
16:39:48,23.47,302090,22.50
16:39:51,23.48,302137,22.83
16:39:54,23.49,302183,22.06
16:39:57,23.49,302229,22.41
16:40:00,23.50,302276,22.74
16:40:03,23.51,302322,22.35
16:40:06,23.52,302368,22.65
16:40:09,23.52,302415,22.96
16:40:12,23.53,302461,22.00
16:40:15,23.54,302507,22.36
16:40:18,23.55,302554,22.69
16:40:21,23.55,302600,22.23
16:40:24,23.56,302646,22.56
16:40:27,23.57,302693,22.88
16:40:30,23.58,302739,22.12
16:40:33,23.58,302785,22.46
16:40:36,23.59,302832,22.79
16:40:39,23.60,302878,22.02
16:40:42,23.61,302925,22.38
16:40:45,23.61,302971,22.71
16:40:48,23.62,303017,22.32
16:40:51,23.63,303064,22.62
16:40:54,23.64,303110,22.93
16:40:57,23.64,303156,22.16
16:41:00,23.65,303203,22.49
16:41:03,23.66,303249,22.82
16:41:06,23.67,303295,22.05
16:41:09,23.67,303342,22.40
16:41:12,23.68,303388,22.73
16:41:15,23.69,303434,22.26
16:41:18,23.70,303481,22.59
16:41:21,23.70,303527,22.91
16:41:24,23.71,303573,22.15
16:41:27,23.72,303620,22.48
16:41:30,23.73,303666,22.81
16:41:33,23.73,303712,22.04
16:41:36,23.74,303759,22.39
16:41:39,23.75,303805,22.72
16:41:42,23.76,303852,22.33
16:41:45,23.76,303898,22.63
16:41:48,23.77,303944,22.94
16:41:51,23.78,303991,22.17
16:41:54,23.79,304037,22.50
16:41:57,23.79,304083,22.83
16:42:00,23.80,304130,22.06
16:42:03,23.81,304176,22.41
16:42:06,23.82,304222,22.74
16:42:09,23.82,304269,22.27
16:42:12,23.83,304315,22.60
16:42:15,23.84,304361,22.92
16:42:18,23.85,304408,22.16
16:42:21,23.85,304454,22.49
16:42:24,23.86,304500,22.82
16:42:27,23.87,304547,22.05
16:42:30,23.88,304593,22.40
16:42:33,23.88,304639,22.73
16:42:36,23.89,304686,22.34
16:42:39,23.90,304732,22.64
16:42:42,23.91,304779,22.95
16:42:45,23.91,304825,22.18
16:42:48,23.92,304871,22.51
16:42:51,23.93,304918,22.84
16:42:54,23.94,304964,22.07
16:42:57,23.94,305010,22.42
16:43:00,23.95,305057,22.75
16:43:03,23.96,305103,22.28
16:43:06,23.97,305149,22.61
16:43:09,23.97,305196,22.93
16:43:12,23.98,305242,22.17
16:43:15,23.99,305288,22.50
16:43:18,24.00,305335,22.83
16:43:21,24.00,305381,22.06
16:43:24,24.01,305427,22.41
16:43:27,24.02,305474,22.74
16:43:30,24.03,305520,22.35
16:43:33,24.03,305566,22.65
16:43:36,24.04,305613,22.96
16:43:39,24.05,305659,22.00
16:43:42,24.06,305706,22.36
16:43:45,24.06,305752,22.69
16:43:48,24.07,305798,22.23
16:43:51,24.08,305845,22.56
16:43:54,24.09,305891,22.88
16:43:57,24.09,305937,22.12
16:44:00,24.10,305984,22.46
16:44:03,24.11,306030,22.79
16:44:06,24.12,306076,22.02
16:44:09,24.12,306123,22.38
16:44:12,24.13,306169,22.71
16:44:15,24.14,306215,22.32
16:44:18,24.15,306262,22.62
16:44:21,24.15,306308,22.93
16:44:24,24.16,306354,22.16
16:44:27,24.17,306401,22.49
16:44:30,24.18,306447,22.82
16:44:33,24.18,306493,22.05
16:44:36,24.19,306540,22.40
16:44:39,24.20,306586,22.73
16:44:42,24.21,306633,22.26
16:44:45,24.21,306679,22.59
16:44:48,24.22,306725,22.91
16:44:51,24.23,306772,22.15
16:44:54,24.24,306818,22.48
16:44:57,24.24,306864,22.81
16:45:00,24.25,306911,22.04
16:45:03,24.26,306957,22.39
16:45:06,24.27,307003,22.72
16:45:09,24.27,307050,22.33
16:45:12,24.28,307096,22.63
16:45:15,24.29,307142,22.94
16:45:18,24.30,307189,22.17
16:45:21,24.30,307235,22.50
16:45:24,24.31,307281,22.83
16:45:27,24.32,307328,22.06
16:45:30,24.33,307374,22.41
16:45:33,24.33,307420,22.74
16:45:36,24.34,307467,22.27
16:45:39,24.35,307513,22.60
16:45:42,24.36,307560,22.92
16:45:45,24.36,307606,22.16
16:45:48,24.37,307652,22.49
16:45:51,24.38,307699,22.82
16:45:54,24.39,307745,22.05
16:45:57,24.39,307791,22.40
16:46:00,24.40,307838,22.73
16:46:03,24.41,307884,22.34
16:46:06,24.42,307930,22.64
16:46:09,24.42,307977,22.95
16:46:12,24.43,308023,22.18
16:46:15,24.44,308069,22.51
16:46:18,24.45,308116,22.84
16:46:21,24.45,308162,22.07
16:46:24,24.46,308208,22.42
16:46:27,24.47,308255,22.75
16:46:30,24.48,308301,22.28
16:46:33,24.48,308347,22.61
16:46:36,24.49,308394,22.93
16:46:39,24.50,308440,22.17
16:46:42,24.51,308487,22.50
16:46:45,24.51,308533,22.83
16:46:48,24.52,308579,22.06
16:46:51,24.53,308626,22.41
16:46:54,24.54,308672,22.74
16:46:57,24.54,308718,22.35
16:47:00,24.55,308765,22.65
16:47:03,24.56,308811,22.96
16:47:06,24.57,308857,22.00
16:47:09,24.57,308904,22.36
16:47:12,24.58,308950,22.69
16:47:15,24.59,308996,22.23
16:47:18,24.60,309043,22.56
16:47:21,24.60,309089,22.88
16:47:24,24.61,309135,22.12
16:47:27,24.62,309182,22.46
16:47:30,24.63,309228,22.79
16:47:33,24.63,309274,22.02
16:47:36,24.64,309321,22.38
16:47:39,24.65,309367,22.71
16:47:42,24.66,309414,22.32
16:47:45,24.66,309460,22.62
16:47:48,24.67,309506,22.93
16:47:51,24.68,309553,22.16
16:47:54,24.69,309599,22.49
16:47:57,24.69,309645,22.82
16:48:00,24.70,309692,22.05
16:48:03,24.71,309738,22.40
16:48:06,24.72,309784,22.73
16:48:09,24.72,309831,22.26
16:48:12,24.73,309877,22.59
16:48:15,24.74,309923,22.91
16:48:18,24.75,309970,22.15
16:48:21,24.75,310016,22.48
16:48:24,24.76,310062,22.81
16:48:27,24.77,310109,22.04
16:48:30,24.78,310155,22.39
16:48:33,24.78,310201,22.72
16:48:36,24.79,310248,22.33
16:48:39,24.80,310294,22.63
16:48:42,24.81,310341,22.94
16:48:45,24.81,310387,22.17
16:48:48,24.82,310433,22.50
16:48:51,24.83,310480,22.83
16:48:54,24.84,310526,22.06
16:48:57,24.84,310572,22.41
16:49:00,24.85,310619,22.74
16:49:03,24.86,310665,22.27
16:49:06,24.87,310711,22.60
16:49:09,24.87,310758,22.92
16:49:12,24.88,310804,22.16
16:49:15,24.89,310850,22.49
16:49:18,24.90,310897,22.82
16:49:21,24.90,310943,22.05
16:49:24,24.91,310989,22.40
16:49:27,24.92,311036,22.73
16:49:30,24.93,311082,22.34
16:49:33,24.93,311128,22.64
16:49:36,24.94,311175,22.95
16:49:39,24.95,311221,22.18
16:49:42,24.96,311268,22.51
16:49:45,24.96,311314,22.84
16:49:48,24.97,311360,22.07
16:49:51,24.98,311407,22.42
16:49:54,24.99,311453,22.75
16:49:57,24.99,311499,22.28
16:50:00,25.00,311546,22.61
16:50:03,25.01,311592,22.93
16:50:06,25.02,311638,22.17
16:50:09,25.02,311685,22.50
16:50:12,25.03,311731,22.83
16:50:15,25.04,311777,22.06
16:50:18,25.05,311824,22.41
16:50:21,25.05,311870,22.74
16:50:24,25.06,311916,22.35
16:50:27,25.07,311963,22.65
16:50:30,25.08,312009,22.96
16:50:33,25.08,312055,22.00
16:50:36,25.09,312102,22.36
16:50:39,25.10,312148,22.69
16:50:42,25.11,312195,22.23
16:50:45,25.11,312241,22.56
16:50:48,25.12,312287,22.88
16:50:51,25.13,312334,22.12
16:50:54,25.14,312380,22.46
16:50:57,25.14,312426,22.79
16:51:00,25.15,312473,22.02
16:51:03,25.16,312519,22.38
16:51:06,25.17,312565,22.71
16:51:09,25.17,312612,22.32
16:51:12,25.18,312658,22.62
16:51:15,25.19,312704,22.93
16:51:18,25.20,312751,22.16
16:51:21,25.20,312797,22.49
16:51:24,25.21,312843,22.82
16:51:27,25.22,312890,22.05
16:51:30,25.23,312936,22.40
16:51:33,25.23,312982,22.73
16:51:36,25.24,313029,22.26
16:51:39,25.25,313075,22.59
16:51:42,25.26,313122,22.91
16:51:45,25.26,313168,22.15
16:51:48,25.27,313214,22.48
16:51:51,25.28,313261,22.81
16:51:54,25.29,313307,22.04
16:51:57,25.29,313353,22.39
16:52:00,25.30,313400,22.72
16:52:03,25.31,313446,22.33
16:52:06,25.32,313492,22.63
16:52:09,25.32,313539,22.94
16:52:12,25.33,313585,22.17
16:52:15,25.34,313631,22.50
16:52:18,25.35,313678,22.83
16:52:21,25.35,313724,22.06
16:52:24,25.36,313770,22.41
16:52:27,25.37,313817,22.74
16:52:30,25.38,313863,22.27
16:52:33,25.38,313909,22.60
16:52:36,25.39,313956,22.92
16:52:39,25.40,314002,22.16
16:52:42,25.41,314049,22.49
16:52:45,25.41,314095,22.82
16:52:48,25.42,314141,22.05
16:52:51,25.43,314188,22.40
16:52:54,25.44,314234,22.73
16:52:57,25.44,314280,22.34
16:53:00,25.45,314327,22.64
16:53:03,25.46,314373,22.95
16:53:06,25.47,314419,22.18
16:53:09,25.47,314466,22.51
16:53:12,25.48,314512,22.84
16:53:15,25.49,314558,22.07
16:53:18,25.50,314605,22.42
16:53:21,25.50,314651,22.75
16:53:24,25.51,314697,22.28
16:53:27,25.52,314744,22.61
16:53:30,25.53,314790,22.93
16:53:33,25.53,314836,22.17
16:53:36,25.54,314883,22.50
16:53:39,25.55,314929,22.83
16:53:42,25.56,314976,22.06
16:53:45,25.56,315022,22.41
16:53:48,25.57,315068,22.74
16:53:51,25.58,315115,22.35
16:53:54,25.59,315161,22.65
16:53:57,25.59,315207,22.96
16:54:00,25.60,315254,22.00
16:54:03,25.61,315300,22.36
16:54:06,25.62,315346,22.69
16:54:09,25.62,315393,22.23
16:54:12,25.63,315439,22.56
16:54:15,25.64,315485,22.88
16:54:18,25.65,315532,22.12
16:54:21,25.65,315578,22.46
16:54:24,25.66,315624,22.79
16:54:27,25.67,315671,22.02
16:54:30,25.68,315717,22.38
16:54:33,25.68,315763,22.71
16:54:36,25.69,315810,22.32
16:54:39,25.70,315856,22.62
16:54:42,25.71,315903,22.93
16:54:45,25.71,315949,22.16
16:54:48,25.72,315995,22.49
16:54:51,25.73,316042,22.82
16:54:54,25.74,316088,22.05
16:54:57,25.74,316134,22.40
16:55:00,25.75,316181,22.73
16:55:03,25.76,316227,22.26
16:55:06,25.77,316273,22.59
16:55:09,25.77,316320,22.91
16:55:12,25.78,316366,22.15
16:55:15,25.79,316412,22.48
16:55:18,25.80,316459,22.81
16:55:21,25.80,316505,22.04
16:55:24,25.81,316551,22.39
16:55:27,25.82,316598,22.72
16:55:30,25.83,316644,22.33
16:55:33,25.83,316690,22.63
16:55:36,25.84,316737,22.94
16:55:39,25.85,316783,22.17
16:55:42,25.86,316830,22.50
16:55:45,25.86,316876,22.83
16:55:48,25.87,316922,22.06
16:55:51,25.88,316969,22.41
16:55:54,25.89,317015,22.74
16:55:57,25.89,317061,22.27
16:56:00,25.90,317108,22.60
16:56:03,25.91,317154,22.92
16:56:06,25.92,317200,22.16
16:56:09,25.92,317247,22.49
16:56:12,25.93,317293,22.82
16:56:15,25.94,317339,22.05
16:56:18,25.95,317386,22.40
16:56:21,25.95,317432,22.73
16:56:24,25.96,317478,22.34
16:56:27,25.97,317525,22.64
16:56:30,25.98,317571,22.95
16:56:33,25.98,317617,22.18
16:56:36,25.99,317664,22.51
16:56:39,26.00,317710,22.84
16:56:42,26.01,317757,22.07
16:56:45,26.01,317803,22.42
16:56:48,26.02,317849,22.75
16:56:51,26.03,317896,22.28
16:56:54,26.04,317942,22.61
16:56:57,26.04,317988,22.93
16:57:00,26.05,318035,22.17
16:57:03,26.06,318081,22.50
16:57:06,26.07,318127,22.83
16:57:09,26.07,318174,22.06
16:57:12,26.08,318220,22.41
16:57:15,26.09,318266,22.74
16:57:18,26.10,318313,22.35
16:57:21,26.10,318359,22.65
16:57:24,26.11,318405,22.96
16:57:27,26.12,318452,22.00
16:57:30,26.13,318498,22.36
16:57:33,26.13,318544,22.69
16:57:36,26.14,318591,22.23
16:57:39,26.15,318637,22.56
16:57:42,26.16,318684,22.88
16:57:45,26.16,318730,22.12
16:57:48,26.17,318776,22.46
16:57:51,26.18,318823,22.79
16:57:54,26.19,318869,22.02
16:57:57,26.19,318915,22.38
16:58:00,26.20,318962,22.71
16:58:03,26.21,319008,22.32
16:58:06,26.22,319054,22.62
16:58:09,26.22,319101,22.93
16:58:12,26.23,319147,22.16
16:58:15,26.24,319193,22.49
16:58:18,26.25,319240,22.82
16:58:21,26.25,319286,22.05
16:58:24,26.26,319332,22.40
16:58:27,26.27,319379,22.73
16:58:30,26.28,319425,22.26
16:58:33,26.28,319471,22.59
16:58:36,26.29,319518,22.91
16:58:39,26.30,319564,22.15
16:58:42,26.31,319611,22.48
16:58:45,26.31,319657,22.81
16:58:48,26.32,319703,22.04
16:58:51,26.33,319750,22.39
16:58:54,26.34,319796,22.72
16:58:57,26.34,319842,22.33
16:59:00,26.35,319889,22.63
16:59:03,26.36,319935,22.94
16:59:06,26.37,319981,22.17
16:59:09,26.37,320028,22.50
16:59:12,26.38,320074,22.83
16:59:15,26.39,320120,22.06
16:59:18,26.40,320167,22.41
16:59:21,26.40,320213,22.74
16:59:24,26.41,320259,22.27
16:59:27,26.42,320306,22.60
16:59:30,26.43,320352,22.92
16:59:33,26.43,320398,22.16
16:59:36,26.44,320445,22.49
16:59:39,26.45,320491,22.82
16:59:42,26.46,320538,22.05
16:59:45,26.46,320584,22.40
16:59:48,26.47,320630,22.73
16:59:51,26.48,320677,22.34
16:59:54,26.49,320723,22.64
16:59:57,26.49,320769,22.95