hora,temp,light,soil
17:00:00,22.98,120000,22.51
17:00:03,22.97,119958,22.53
17:00:06,22.98,119915,22.52
17:00:09,22.96,119873,22.49
17:00:12,22.97,119830,22.50
17:00:15,22.95,119788,22.48
17:00:18,22.96,119745,22.47
17:00:21,22.94,119703,22.45
17:00:24,22.95,119660,22.46
17:00:27,22.93,119618,22.44
17:00:30,22.94,119575,22.42
17:00:33,22.92,119533,22.43
17:00:36,22.93,119490,22.41
17:00:39,22.91,119448,22.39
17:00:42,22.92,119405,22.40
17:00:45,22.90,119363,22.38
17:00:48,22.91,119320,22.36
17:00:51,22.89,119278,22.37
17:00:54,22.90,119235,22.35
17:00:57,22.88,119193,22.33
17:01:00,22.89,119150,22.34
17:01:03,22.87,119108,22.32
17:01:06,22.88,119065,22.30
17:01:09,22.86,119023,22.31
17:01:12,22.87,118980,22.29
17:01:15,22.85,118938,22.27
17:01:18,22.86,118895,22.28
17:01:21,22.84,118853,22.26
17:01:24,22.85,118810,22.24
17:01:27,22.83,118768,22.25
17:01:30,22.84,118725,22.23
17:01:33,22.82,118683,22.21
17:01:36,22.83,118640,22.22
17:01:39,22.81,118598,22.20
17:01:42,22.82,118555,22.18
17:01:45,22.80,118513,22.19
17:01:48,22.81,118470,22.17
17:01:51,22.79,118428,22.15
17:01:54,22.80,118385,22.16
17:01:57,22.78,118343,22.14
17:02:00,22.79,118300,22.12
17:02:03,22.77,118258,22.13
17:02:06,22.78,118215,22.11
17:02:09,22.76,118173,22.09
17:02:12,22.77,118130,22.10
17:02:15,22.75,118088,22.08
17:02:18,22.76,118045,22.06
17:02:21,22.74,118003,22.07
17:02:24,22.75,117960,22.05
17:02:27,22.73,117918,22.03
17:02:30,22.74,117875,22.04
17:02:33,22.72,117833,22.02
17:02:36,22.73,117790,22.00
17:02:39,22.71,117748,22.01
17:02:42,22.72,117705,22.03
17:02:45,22.70,117663,22.05
17:02:48,22.71,117620,22.07
17:02:51,22.69,117578,22.09
17:02:54,22.70,117535,22.11
17:02:57,22.68,117493,22.13
17:03:00,22.69,117450,22.15
17:03:03,22.67,117408,22.17
17:03:06,22.68,117365,22.19
17:03:09,22.66,117323,22.21
17:03:12,22.67,117280,22.23
17:03:15,22.65,117238,22.25
17:03:18,22.66,117195,22.27
17:03:21,22.64,117153,22.29
17:03:24,22.65,117110,22.31
17:03:27,22.63,117068,22.33
17:03:30,22.64,117025,22.35
17:03:33,22.62,116983,22.37
17:03:36,22.63,116940,22.39
17:03:39,22.61,116898,22.41
17:03:42,22.62,116855,22.43
17:03:45,22.60,116813,22.45
17:03:48,22.61,116770,22.47
17:03:51,22.59,116728,22.49
17:03:54,22.60,116685,22.51
17:03:57,22.58,116643,22.53
17:04:00,22.59,116600,22.55
17:04:03,22.57,116558,22.57
17:04:06,22.58,116515,22.59
17:04:09,22.56,116473,22.61
17:04:12,22.57,116430,22.63
17:04:15,22.55,116388,22.65
17:04:18,22.56,116345,22.67
17:04:21,22.54,116303,22.69
17:04:24,22.55,116260,22.71
17:04:27,22.53,116218,22.73
17:04:30,22.54,116175,22.75
17:04:33,22.52,116133,22.77
17:04:36,22.53,116090,22.79
17:04:39,22.51,116048,22.81
17:04:42,22.52,116005,22.83
17:04:45,22.50,115963,22.85
17:04:48,22.51,115920,22.87
17:04:51,22.49,115878,22.89
17:04:54,22.50,115835,22.91
17:04:57,22.48,115793,22.93
17:05:00,22.49,115750,22.95
17:05:03,22.47,115708,22.97
17:05:06,22.48,115665,22.99
17:05:09,22.46,115623,22.98
17:05:12,22.47,115580,22.96
17:05:15,22.45,115538,22.94
17:05:18,22.46,115495,22.92
17:05:21,22.44,115453,22.90
17:05:24,22.45,115410,22.88
17:05:27,22.43,115368,22.86
17:05:30,22.44,115325,22.84
17:05:33,22.42,115283,22.82
17:05:36,22.43,115240,22.80
17:05:39,22.41,115198,22.78
17:05:42,22.42,115155,22.76
17:05:45,22.40,115113,22.74
17:05:48,22.41,115070,22.72
17:05:51,22.39,115028,22.70
17:05:54,22.40,114985,22.68
17:05:57,22.38,114943,22.66
17:06:00,22.39,114900,22.64
17:06:03,22.37,114858,22.62
17:06:06,22.38,114815,22.60
17:06:09,22.36,114773,22.58
17:06:12,22.37,114730,22.56
17:06:15,22.35,114688,22.54
17:06:18,22.36,114645,22.52
17:06:21,22.34,114603,22.50
17:06:24,22.35,114560,22.48
17:06:27,22.33,114518,22.46
17:06:30,22.34,114475,22.44
17:06:33,22.32,114433,22.42
17:06:36,22.33,114390,22.40
17:06:39,22.31,114348,22.38
17:06:42,22.32,114305,22.36
17:06:45,22.30,114263,22.34
17:06:48,22.31,114220,22.32
17:06:51,22.29,114178,22.30
17:06:54,22.30,114135,22.28
17:06:57,22.28,114093,22.26
17:07:00,22.29,114050,22.24
17:07:03,22.27,114008,22.22
17:07:06,22.28,113965,22.20
17:07:09,22.26,113923,22.18
17:07:12,22.27,113880,22.16
17:07:15,22.25,113838,22.14
17:07:18,22.26,113795,22.12
17:07:21,22.24,113753,22.10
17:07:24,22.25,113710,22.08
17:07:27,22.23,113668,22.06
17:07:30,22.24,113625,22.04
17:07:33,22.22,113583,22.02
17:07:36,22.23,113540,22.00
17:07:39,22.21,113498,22.01
17:07:42,22.22,113455,22.03
17:07:45,22.20,113413,22.05
17:07:48,22.21,113370,22.07
17:07:51,22.19,113328,22.09
17:07:54,22.20,113285,22.11
17:07:57,22.18,113243,22.13
17:08:00,22.19,113200,22.15
17:08:03,22.17,113158,22.17
17:08:06,22.18,113115,22.19
17:08:09,22.16,113073,22.21
17:08:12,22.17,113030,22.23
17:08:15,22.15,112988,22.25
17:08:18,22.16,112945,22.27
17:08:21,22.14,112903,22.29
17:08:24,22.15,112860,22.31
17:08:27,22.13,112818,22.33
17:08:30,22.14,112775,22.35
17:08:33,22.12,112733,22.37
17:08:36,22.13,112690,22.39
17:08:39,22.11,112648,22.41
17:08:42,22.12,112605,22.43
17:08:45,22.10,112563,22.45
17:08:48,22.11,112520,22.47
17:08:51,22.09,112478,22.49
17:08:54,22.10,112435,22.51
17:08:57,22.08,112393,22.53
17:09:00,22.09,112350,22.55
17:09:03,22.07,112308,22.57
17:09:06,22.08,112265,22.59
17:09:09,22.06,112223,22.61
17:09:12,22.07,112180,22.63
17:09:15,22.05,112138,22.65
17:09:18,22.06,112095,22.67
17:09:21,22.04,112053,22.69
17:09:24,22.05,112010,22.71
17:09:27,22.03,111968,22.73
17:09:30,22.04,111925,22.75
17:09:33,22.02,111883,22.77
17:09:36,22.03,111840,22.79
17:09:39,22.01,111798,22.81
17:09:42,22.02,111755,22.83
17:09:45,22.00,111713,22.85
17:09:48,22.01,111670,22.87
17:09:51,21.99,111628,22.89
17:09:54,22.00,111585,22.91
17:09:57,21.98,111543,22.93
17:10:00,21.99,111500,22.95
17:10:03,21.97,111458,22.97
17:10:06,21.98,111415,22.99
17:10:09,21.96,111373,22.98
17:10:12,21.97,111330,22.96
17:10:15,21.95,111288,22.94
17:10:18,21.96,111245,22.92
17:10:21,21.94,111203,22.90
17:10:24,21.95,111160,22.88
17:10:27,21.93,111118,22.86
17:10:30,21.94,111075,22.84
17:10:33,21.92,111033,22.82
17:10:36,21.93,110990,22.80
17:10:39,21.91,110948,22.78
17:10:42,21.92,110905,22.76
17:10:45,21.90,110863,22.74
17:10:48,21.91,110820,22.72
17:10:51,21.89,110778,22.70
17:10:54,21.90,110735,22.68
17:10:57,21.88,110693,22.66
17:11:00,21.89,110650,22.64
17:11:03,21.87,110608,22.62
17:11:06,21.88,110565,22.60
17:11:09,21.86,110523,22.58
17:11:12,21.87,110480,22.56
17:11:15,21.85,110438,22.54
17:11:18,21.86,110395,22.52
17:11:21,21.84,110353,22.50
17:11:24,21.85,110310,22.48
17:11:27,21.83,110268,22.46
17:11:30,21.84,110225,22.44
17:11:33,21.82,110183,22.42
17:11:36,21.83,110140,22.40
17:11:39,21.81,110098,22.38
17:11:42,21.82,110055,22.36
17:11:45,21.80,110013,22.34
17:11:48,21.81,109970,22.32
17:11:51,21.79,109928,22.30
17:11:54,21.80,109885,22.28
17:11:57,21.78,109843,22.26
17:12:00,21.79,109800,22.24
17:12:03,21.77,109758,22.22
17:12:06,21.78,109715,22.20
17:12:09,21.76,109673,22.18
17:12:12,21.77,109630,22.16
17:12:15,21.75,109588,22.14
17:12:18,21.76,109545,22.12
17:12:21,21.74,109503,22.10
17:12:24,21.75,109460,22.08
17:12:27,21.73,109418,22.06
17:12:30,21.74,109375,22.04
17:12:33,21.72,109333,22.02
17:12:36,21.73,109290,22.00
17:12:39,21.71,109248,22.01
17:12:42,21.72,109205,22.03
17:12:45,21.70,109163,22.05
17:12:48,21.71,109120,22.07
17:12:51,21.69,109078,22.09
17:12:54,21.70,109035,22.11
17:12:57,21.68,108993,22.13
17:13:00,21.69,108950,22.15
17:13:03,21.67,108908,22.17
17:13:06,21.68,108865,22.19
17:13:09,21.66,108823,22.21
17:13:12,21.67,108780,22.23
17:13:15,21.65,108738,22.25
17:13:18,21.66,108695,22.27
17:13:21,21.64,108653,22.29
17:13:24,21.65,108610,22.31
17:13:27,21.63,108568,22.33
17:13:30,21.64,108525,22.35
17:13:33,21.62,108483,22.37
17:13:36,21.63,108440,22.39
17:13:39,21.61,108398,22.41
17:13:42,21.62,108355,22.43
17:13:45,21.60,108313,22.45
17:13:48,21.61,108270,22.47
17:13:51,21.59,108228,22.49
17:13:54,21.60,108185,22.51
17:13:57,21.58,108143,22.53
17:14:00,21.59,108100,22.55
17:14:03,21.57,108058,22.57
17:14:06,21.58,108015,22.59
17:14:09,21.56,107973,22.61
17:14:12,21.57,107930,22.63
17:14:15,21.55,107888,22.65
17:14:18,21.56,107845,22.67
17:14:21,21.54,107803,22.69
17:14:24,21.55,107760,22.71
17:14:27,21.53,107718,22.73
17:14:30,21.54,107675,22.75
17:14:33,21.52,107633,22.77
17:14:36,21.53,107590,22.79
17:14:39,21.51,107548,22.81
17:14:42,21.52,107505,22.83
17:14:45,21.50,107463,22.85
17:14:48,21.51,107420,22.87
17:14:51,21.49,107378,22.89
17:14:54,21.50,107335,22.91
17:14:57,21.48,107293,22.93
17:14:00,21.49,107250,22.95
17:15:03,21.47,107208,22.97
17:15:06,21.48,107165,22.99
17:15:09,21.46,107123,22.98
17:15:12,21.47,107080,22.96
17:15:15,21.45,107038,22.94
17:15:18,21.46,106995,22.92
17:15:21,21.44,106953,22.90
17:15:24,21.45,106910,22.88
17:15:27,21.43,106868,22.86
17:15:30,21.44,106825,22.84
17:15:33,21.42,106783,22.82
17:15:36,21.43,106740,22.80
17:15:39,21.41,106698,22.78
17:15:42,21.42,106655,22.76
17:15:45,21.40,106613,22.74
17:15:48,21.41,106570,22.72
17:15:51,21.39,106528,22.70
17:15:54,21.40,106485,22.68
17:15:57,21.38,106443,22.66
17:16:00,21.39,106400,22.64
17:16:03,21.37,106358,22.62
17:16:06,21.38,106315,22.60
17:16:09,21.36,106273,22.58
17:16:12,21.37,106230,22.56
17:16:15,21.35,106188,22.54
17:16:18,21.36,106145,22.52
17:16:21,21.34,106103,22.50
17:16:24,21.35,106060,22.48
17:16:27,21.33,106018,22.46
17:16:30,21.34,105975,22.44
17:16:33,21.32,105933,22.42
17:16:36,21.33,105890,22.40
17:16:39,21.31,105848,22.38
17:16:42,21.32,105805,22.36
17:16:45,21.30,105763,22.34
17:16:48,21.31,105720,22.32
17:16:51,21.29,105678,22.30
17:16:54,21.30,105635,22.28
17:16:57,21.28,105593,22.26
17:17:00,21.29,105550,22.24
17:17:03,21.27,105508,22.22
17:17:06,21.28,105465,22.20
17:17:09,21.26,105423,22.18
17:17:12,21.27,105380,22.16
17:17:15,21.25,105338,22.14
17:17:18,21.26,105295,22.12
17:17:21,21.24,105253,22.10
17:17:24,21.25,105210,22.08
17:17:27,21.23,105168,22.06
17:17:30,21.24,105125,22.04
17:17:33,21.22,105083,22.02
17:17:36,21.23,105040,22.00
17:17:39,22.21,104998,22.01
17:17:42,22.22,104955,22.03
17:17:45,22.20,104913,22.05
17:17:48,22.21,104870,22.07
17:17:51,22.19,104828,22.09
17:17:54,22.20,104785,22.11
17:17:57,22.18,104743,22.13
17:18:00,22.19,104700,22.15
17:18:03,22.17,104658,22.17
17:18:06,22.18,104615,22.19
17:18:09,22.16,104573,22.21
17:18:12,22.17,104530,22.23
17:18:15,22.15,104488,22.25
17:18:18,22.16,104445,22.27
17:18:21,22.14,104403,22.29
17:18:24,22.15,104360,22.31
17:18:27,22.13,104318,22.33
17:18:30,22.14,104275,22.35
17:18:33,22.12,104233,22.37
17:18:36,22.13,104190,22.39
17:18:39,22.11,104148,22.41
17:18:42,22.12,104105,22.43
17:18:45,22.10,104063,22.45
17:18:48,22.11,104020,22.47
17:18:51,22.09,103978,22.49
17:18:54,22.10,103935,22.51
17:18:57,22.08,103893,22.53
17:19:00,22.09,103850,22.55
17:19:03,22.07,103808,22.57
17:19:06,22.08,103765,22.59
17:19:09,22.06,103723,22.61
17:19:12,22.07,103680,22.63
17:19:15,22.05,103638,22.65
17:19:18,22.06,103595,22.67
17:19:21,22.04,103553,22.69
17:19:24,22.05,103510,22.71
17:19:27,22.03,103468,22.73
17:19:30,22.04,103425,22.75
17:19:33,22.02,103383,22.77
17:19:36,22.03,103340,22.79
17:19:39,22.01,103298,22.81
17:19:42,22.02,103255,22.83
17:19:45,22.00,103213,22.85
17:19:48,22.01,103170,22.87
17:19:51,21.99,103128,22.89
17:19:54,22.00,103085,22.91
17:19:57,21.98,103043,22.93
17:20:00,21.99,103000,22.95
17:20:03,21.97,102958,22.97
17:20:06,21.98,102915,22.99
17:20:09,21.96,102873,22.98
17:20:12,21.97,102830,22.96
17:20:15,21.95,102788,22.94
17:20:18,21.96,102745,22.92
17:20:21,21.94,102703,22.90
17:20:24,21.95,102660,22.88
17:20:27,21.93,102618,22.86
17:20:30,21.94,102575,22.84
17:20:33,21.92,102533,22.82
17:20:36,21.93,102490,22.80
17:20:39,21.91,102448,22.78
17:20:42,21.92,102405,22.76
17:20:45,21.90,102363,22.74
17:20:48,21.91,102320,22.72
17:20:51,21.89,102278,22.70
17:20:54,21.90,102235,22.68
17:20:57,21.88,102193,22.66
17:21:00,21.89,102150,22.64
17:21:03,21.87,102108,22.62
17:21:06,21.88,102065,22.60
17:21:09,21.86,102023,22.58
17:21:12,21.87,101980,22.56
17:21:15,21.85,101938,22.54
17:21:18,21.86,101895,22.52
17:21:21,21.84,101853,22.50
17:21:24,21.85,101810,22.48
17:21:27,21.83,101768,22.46
17:21:30,21.84,101725,22.44
17:21:33,21.82,101683,22.42
17:21:36,21.83,101640,22.40
17:21:39,21.81,101598,22.38
17:21:42,21.82,101555,22.36
17:21:45,21.80,101513,22.34
17:21:48,21.81,101470,22.32
17:21:51,21.79,101428,22.30
17:21:54,21.80,101385,22.28
17:21:57,21.78,101343,22.26
17:22:00,21.79,101300,22.24
17:22:03,21.77,101258,22.22
17:22:06,21.78,101215,22.20
17:22:09,21.76,101173,22.18
17:22:12,21.77,101130,22.16
17:22:15,21.75,101088,22.14
17:22:18,21.76,101045,22.12
17:22:21,21.74,101003,22.10
17:22:24,21.75,100960,22.08
17:22:27,21.73,100918,22.06
17:22:30,21.74,100875,22.04
17:22:33,21.72,100833,22.02
17:22:36,21.73,100790,22.00
17:22:39,21.71,100748,22.01
17:22:42,21.72,100705,22.03
17:22:45,21.70,100663,22.05
17:22:48,21.71,100620,22.07
17:22:51,21.69,100578,22.09
17:22:54,21.70,100535,22.11
17:22:57,21.68,100493,22.13
17:23:00,21.69,100450,22.15
17:23:03,21.67,100408,22.17
17:23:06,21.68,100365,22.19
17:23:09,21.66,100323,22.21
17:23:12,21.67,100280,22.23
17:23:15,21.65,100238,22.25
17:23:18,21.66,100195,22.27
17:23:21,21.64,100153,22.29
17:23:24,21.65,100110,22.31
17:23:27,21.63,100068,22.33
17:23:30,21.64,100025,22.35
17:23:33,21.62,99983,22.37
17:23:36,21.63,99940,22.39
17:23:39,21.61,99898,22.41
17:23:42,21.62,99855,22.43
17:23:45,21.60,99813,22.45
17:23:48,21.61,99770,22.47
17:23:51,21.59,99728,22.49
17:23:54,21.60,99685,22.51
17:23:57,21.58,99643,22.53
17:24:00,21.59,99600,22.55
17:24:03,21.57,99558,22.57
17:24:06,21.58,99515,22.59
17:24:09,21.56,99473,22.61
17:24:12,21.57,99430,22.63
17:24:15,21.55,99388,22.65
17:24:18,21.56,99345,22.67
17:24:21,21.54,99303,22.69
17:24:24,21.55,99260,22.71
17:24:27,21.53,99218,22.73
17:24:30,21.54,99175,22.75
17:24:33,21.52,99133,22.77
17:24:36,21.53,99090,22.79
17:24:39,21.51,99048,22.81
17:24:42,21.52,99005,22.83
17:24:45,21.50,98963,22.85
17:24:48,21.51,98920,22.87
17:24:51,21.49,98878,22.89
17:24:54,21.50,98835,22.91
17:24:57,21.48,98793,22.93
17:25:00,21.49,98750,22.95
17:25:03,21.47,98708,22.97
17:25:06,21.48,98665,22.99
17:25:09,21.46,98623,22.98
17:25:12,21.47,98580,22.96
17:25:15,21.45,98538,22.94
17:25:18,21.46,98495,22.92
17:25:21,21.44,98453,22.90
17:25:24,21.45,98410,22.88
17:25:27,21.43,98368,22.86
17:25:30,21.44,98325,22.84
17:25:33,21.42,98283,22.82
17:25:36,21.43,98240,22.80
17:25:39,21.41,98198,22.78
17:25:42,21.42,98155,22.76
17:25:45,21.40,98113,22.74
17:25:48,21.41,98070,22.72
17:25:51,21.39,98028,22.70
17:25:54,21.40,97985,22.68
17:25:57,21.38,97943,22.66
17:26:00,21.39,97900,22.64
17:26:03,21.37,97858,22.62
17:26:06,21.38,97815,22.60
17:26:09,21.36,97773,22.58
17:26:12,21.37,97730,22.56
17:26:15,21.35,97688,22.54
17:26:18,21.36,97645,22.52
17:26:21,21.34,97603,22.50
17:26:24,21.35,97560,22.48
17:26:27,21.33,97518,22.46
17:26:30,21.34,97475,22.44
17:26:33,21.32,97433,22.42
17:26:36,21.33,97390,22.40
17:26:39,21.31,97348,22.38
17:26:42,21.32,97305,22.36
17:26:45,21.30,97263,22.34
17:26:48,21.31,97220,22.32
17:26:51,21.29,97178,22.30
17:26:54,21.30,97135,22.28
17:26:57,21.28,97093,22.26
17:27:00,21.29,97050,22.24
17:27:03,21.27,97008,22.22
17:27:06,21.28,96965,22.20
17:27:09,21.26,96923,22.18
17:27:12,21.27,96880,22.16
17:27:15,21.25,96838,22.14
17:27:18,21.26,96795,22.12
17:27:21,21.24,96753,22.10
17:27:24,21.25,96710,22.08
17:27:27,21.23,96668,22.06
17:27:30,21.24,96625,22.04
17:27:33,21.22,96583,22.02
17:27:36,21.23,96540,22.00
17:27:39,21.21,96498,22.01
17:27:42,21.22,96455,22.03
17:27:45,21.20,96413,22.05
17:27:48,21.21,96370,22.07
17:27:51,21.19,96328,22.09
17:27:54,21.20,96285,22.11
17:27:57,21.18,96243,22.13
17:28:00,21.19,96200,22.15
17:28:03,21.17,96158,22.17
17:28:06,21.18,96115,22.19
17:28:09,21.16,96073,22.21
17:28:12,21.17,96030,22.23
17:28:15,21.15,95988,22.25
17:28:18,21.16,95945,22.27
17:28:21,21.14,95903,22.29
17:28:24,21.15,95860,22.31
17:28:27,21.13,95818,22.33
17:28:30,21.14,95775,22.35
17:28:33,21.12,95733,22.37
17:28:36,21.13,95690,22.39
17:28:39,21.11,95648,22.41
17:28:42,21.12,95605,22.43
17:28:45,21.10,95563,22.45
17:28:48,21.11,95520,22.47
17:28:51,21.09,95478,22.49
17:28:54,21.10,95435,22.51
17:28:57,21.08,95393,22.53
17:29:00,21.09,95350,22.55
17:29:03,21.07,95308,22.57
17:29:06,21.08,95265,22.59
17:29:09,21.06,95223,22.61
17:29:12,21.07,95180,22.63
17:29:15,21.05,95138,22.65
17:29:18,21.06,95095,22.67
17:29:21,21.04,95053,22.69
17:29:24,21.05,95010,22.71
17:29:27,21.03,94968,22.73
17:29:30,21.04,94925,22.75
17:29:33,21.02,94883,22.77
17:29:36,21.03,94840,22.79
17:29:39,21.01,94798,22.81
17:29:42,21.02,94755,22.83
17:29:45,21.00,94713,22.85
17:29:48,21.01,94670,22.87
17:29:51,20.99,94628,22.89
17:29:54,21.00,94585,22.91
17:29:57,20.98,94543,22.93
17:30:00,20.99,94500,22.95
17:30:03,20.97,94458,22.97
17:30:06,20.98,94415,22.99
17:30:09,20.96,94373,22.98
17:30:12,20.97,94330,22.96
17:30:15,20.95,94288,22.94
17:30:18,20.96,94245,22.92
17:30:21,20.94,94203,22.90
17:30:24,20.95,94160,22.88
17:30:27,20.93,94118,22.86
17:30:30,20.94,94075,22.84
17:30:33,20.92,94033,22.82
17:30:36,20.93,93990,22.80
17:30:39,20.91,93948,22.78
17:30:42,20.92,93905,22.76
17:30:45,20.90,93863,22.74
17:30:48,20.91,93820,22.72
17:30:51,20.89,93778,22.70
17:30:54,20.90,93735,22.68
17:30:57,20.88,93693,22.66
17:31:00,20.89,93650,22.64
17:31:03,20.87,93608,22.62
17:31:06,20.88,93565,22.60
17:31:09,20.86,93523,22.58
17:31:12,20.87,93480,22.56
17:31:15,20.85,93438,22.54
17:31:18,20.86,93395,22.52
17:31:21,20.84,93353,22.50
17:31:24,20.85,93310,22.48
17:31:27,20.83,93268,22.46
17:31:30,20.84,93225,22.44
17:31:33,20.82,93183,22.42
17:31:36,20.83,93140,22.40
17:31:39,20.81,93098,22.38
17:31:42,20.82,93055,22.36
17:31:45,20.80,93013,22.34
17:31:48,20.81,92970,22.32
17:31:51,20.79,92928,22.30
17:31:54,20.80,92885,22.28
17:31:57,20.78,92843,22.26
17:32:00,20.79,92800,22.24
17:32:03,20.77,92758,22.22
17:32:06,20.78,92715,22.20
17:32:09,20.76,92673,22.18
17:32:12,20.77,92630,22.16
17:32:15,20.75,92588,22.14
17:32:18,20.76,92545,22.12
17:32:21,20.74,92503,22.10
17:32:24,20.75,92460,22.08
17:32:27,20.73,92418,22.06
17:32:30,20.74,92375,22.04
17:32:33,20.72,92333,22.02
17:32:36,20.73,92290,22.00
17:32:39,20.71,92248,22.01
17:32:42,20.72,92205,22.03
17:32:45,20.70,92163,22.05
17:32:48,20.71,92120,22.07
17:32:51,20.69,92078,22.09
17:32:54,20.70,92035,22.11
17:32:57,20.68,91993,22.13
17:33:00,20.69,91950,22.15
17:33:03,20.67,91908,22.17
17:33:06,20.68,91865,22.19
17:33:09,20.66,91823,22.21
17:33:12,20.67,91780,22.23
17:33:15,20.65,91738,22.25
17:33:18,20.66,91695,22.27
17:33:21,20.64,91653,22.29
17:33:24,20.65,91610,22.31
17:33:27,20.63,91568,22.33
17:33:30,20.64,91525,22.35
17:33:33,20.62,91483,22.37
17:33:36,20.63,91440,22.39
17:33:39,20.61,91398,22.41
17:33:42,20.62,91355,22.43
17:33:45,20.60,91313,22.45
17:33:48,20.61,91270,22.47
17:33:51,20.59,91228,22.49
17:33:54,20.60,91185,22.51
17:33:57,20.58,91143,22.53
17:34:00,20.59,91100,22.55
17:34:03,20.57,91058,22.57
17:34:06,20.58,91015,22.59
17:34:09,20.56,90973,22.61
17:34:12,20.57,90930,22.63
17:34:15,20.55,90888,22.65
17:34:18,20.56,90845,22.67
17:34:21,20.54,90803,22.69
17:34:24,20.55,90760,22.71
17:34:27,20.53,90718,22.73
17:34:30,20.54,90675,22.75
17:34:33,20.52,90633,22.77
17:34:36,20.53,90590,22.79
17:34:39,20.51,90548,22.81
17:34:42,20.52,90505,22.83
17:34:45,20.50,90463,22.85
17:34:48,20.51,90420,22.87
17:34:51,20.49,90378,22.89
17:34:54,20.50,90335,22.91
17:34:57,20.48,90293,22.93
17:35:00,20.49,90250,22.95
17:35:03,20.47,90208,22.97
17:35:06,20.48,90165,22.99
17:35:09,20.46,90123,22.98
17:35:12,20.47,90080,22.96
17:35:15,20.45,90038,22.94
17:35:18,20.46,89995,22.92
17:35:21,20.44,89953,22.90
17:35:24,20.45,89910,22.88
17:35:27,20.43,89868,22.86
17:35:30,20.44,89825,22.84
17:35:33,20.42,89783,22.82
17:35:36,20.43,89740,22.80
17:35:39,20.41,89698,22.78
17:35:42,20.42,89655,22.76
17:35:45,20.40,89613,22.74
17:35:48,20.41,89570,22.72
17:35:51,20.39,89528,22.70
17:35:54,20.40,89485,22.68
17:35:57,20.38,89443,22.66
17:36:00,20.39,89400,22.64
17:36:03,20.37,89358,22.62
17:36:06,20.38,89315,22.60
17:36:09,20.36,89273,22.58
17:36:12,20.37,89230,22.56
17:36:15,20.35,89188,22.54
17:36:18,20.36,89145,22.52
17:36:21,20.34,89103,22.50
17:36:24,20.35,89060,22.48
17:36:27,20.33,89018,22.46
17:36:30,20.34,88975,22.44
17:36:33,20.32,88933,22.42
17:36:36,20.33,88890,22.40
17:36:39,20.31,88848,22.38
17:36:42,20.32,88805,22.36
17:36:45,20.30,88763,22.34
17:36:48,20.31,88720,22.32
17:36:51,20.29,88678,22.30
17:36:54,20.30,88635,22.28
17:36:57,20.28,88593,22.26
17:37:00,20.29,88550,22.24
17:37:03,20.27,88508,22.22
17:37:06,20.28,88465,22.20
17:37:09,20.26,88423,22.18
17:37:12,20.27,88380,22.16
17:37:15,20.25,88338,22.14
17:37:18,20.26,88295,22.12
17:37:21,20.24,88253,22.10
17:37:24,20.25,88210,22.08
17:37:27,20.23,88168,22.06
17:37:30,20.24,88125,22.04
17:37:33,20.22,88083,22.02
17:37:36,20.23,88040,22.00
17:37:39,20.21,87998,22.01
17:37:42,20.22,87955,22.03
17:37:45,20.20,87913,22.05
17:37:48,20.21,87870,22.07
17:37:51,20.19,87828,22.09
17:37:54,20.20,87785,22.11
17:37:57,20.18,87743,22.13
17:38:00,20.19,87700,22.15
17:38:03,20.17,87658,22.17
17:38:06,20.18,87615,22.19
17:38:09,20.16,87573,22.21
17:38:12,20.17,87530,22.23
17:38:15,20.15,87488,22.25
17:38:18,20.16,87445,22.27
17:38:21,20.14,87403,22.29
17:38:24,20.15,87360,22.31
17:38:27,20.13,87318,22.33
17:38:30,20.14,87275,22.35
17:38:33,20.12,87233,22.37
17:38:36,20.13,87190,22.39
17:38:39,20.11,87148,22.41
17:38:42,20.12,87105,22.43
17:38:45,20.10,87063,22.45
17:38:48,20.11,87020,22.47
17:38:51,20.09,86978,22.49
17:38:54,20.10,86935,22.51
17:38:57,20.08,86893,22.53
17:39:00,20.09,86850,22.55
17:39:03,20.07,86808,22.57
17:39:06,20.08,86765,22.59
17:39:09,20.06,86723,22.61
17:39:12,20.07,86680,22.63
17:39:15,20.05,86638,22.65
17:39:18,20.06,86595,22.67
17:39:21,20.04,86553,22.69
17:39:24,20.05,86510,22.71
17:39:27,20.03,86468,22.73
17:39:30,20.04,86425,22.75
17:39:33,20.02,86383,22.77
17:39:36,20.03,86340,22.79
17:39:39,20.01,86298,22.81
17:39:42,20.02,86255,22.83
17:39:45,20.00,86213,22.85
17:39:48,20.01,86170,22.87
17:39:51,19.99,86128,22.89
17:39:54,20.00,86085,22.91
17:39:57,19.98,86043,22.93
17:40:00,19.99,86000,22.95
17:40:03,19.97,85958,22.97
17:40:06,19.98,85915,22.99
17:40:09,19.96,85873,22.98
17:40:12,19.97,85830,22.96
17:40:15,19.95,85788,22.94
17:40:18,19.96,85745,22.92
17:40:21,19.94,85703,22.90
17:40:24,19.95,85660,22.88
17:40:27,19.93,85618,22.86
17:40:30,19.94,85575,22.84
17:40:33,19.92,85533,22.82
17:40:36,19.93,85490,22.80
17:40:39,19.91,85448,22.78
17:40:42,19.92,85405,22.76
17:40:45,19.90,85363,22.74
17:40:48,19.91,85320,22.72
17:40:51,19.89,85278,22.70
17:40:54,19.90,85235,22.68
17:40:57,19.88,85193,22.66
17:41:00,19.89,85150,22.64
17:41:03,19.87,85108,22.62
17:41:06,19.88,85065,22.60
17:41:09,19.86,85023,22.58
17:41:12,19.87,84980,22.56
17:41:15,19.85,84938,22.54
17:41:18,19.86,84895,22.52
17:41:21,19.84,84853,22.50
17:41:24,19.85,84810,22.48
17:41:27,19.83,84768,22.46
17:41:30,19.84,84725,22.44
17:41:33,19.82,84683,22.42
17:41:36,19.83,84640,22.40
17:41:39,19.81,84598,22.38
17:41:42,19.82,84555,22.36
17:41:45,19.80,84513,22.34
17:41:48,19.81,84470,22.32
17:41:51,19.79,84428,22.30
17:41:54,19.80,84385,22.28
17:41:57,19.78,84343,22.26
17:42:00,19.79,84300,22.24
17:42:03,19.77,84258,22.22
17:42:06,19.78,84215,22.20
17:42:09,19.76,84173,22.18
17:42:12,19.77,84130,22.16
17:42:15,19.75,84088,22.14
17:42:18,19.76,84045,22.12
17:42:21,19.74,84003,22.10
17:42:24,19.75,83960,22.08
17:42:27,19.73,83918,22.06
17:42:30,19.74,83875,22.04
17:42:33,19.72,83833,22.02
17:42:36,19.73,83790,22.00
17:42:39,19.71,83748,22.01
17:42:42,19.72,83705,22.03
17:42:45,19.70,83663,22.05
17:42:48,19.71,83620,22.07
17:42:51,19.69,83578,22.09
17:42:54,19.70,83535,22.11
17:42:57,19.68,83493,22.13
17:43:00,19.69,83450,22.15
17:43:03,19.67,83408,22.17
17:43:06,19.68,83365,22.19
17:43:09,19.66,83323,22.21
17:43:12,19.67,83280,22.23
17:43:15,19.65,83238,22.25
17:43:18,19.66,83195,22.27
17:43:21,19.64,83153,22.29
17:43:24,19.65,83110,22.31
17:43:27,19.63,83068,22.33
17:43:30,19.64,83025,22.35
17:43:33,19.62,82983,22.37
17:43:36,19.63,82940,22.39
17:43:39,19.61,82898,22.41
17:43:42,19.62,82855,22.43
17:43:45,19.60,82813,22.45
17:43:48,19.61,82770,22.47
17:43:51,19.59,82728,22.49
17:43:54,19.60,82685,22.51
17:43:57,19.58,82643,22.53
17:44:00,19.59,82600,22.55
17:44:03,19.57,82558,22.57
17:44:06,19.58,82515,22.59
17:44:09,19.56,82473,22.61
17:44:12,19.57,82430,22.63
17:44:15,19.55,82388,22.65
17:44:18,19.56,82345,22.67
17:44:21,19.54,82303,22.69
17:44:24,19.55,82260,22.71
17:44:27,19.53,82218,22.73
17:44:30,19.54,82175,22.75
17:44:33,19.52,82133,22.77
17:44:36,19.53,82090,22.79
17:44:39,19.51,82048,22.81
17:44:42,19.52,82005,22.83
17:44:45,19.50,81963,22.85
17:44:48,19.51,81920,22.87
17:44:51,19.49,81878,22.89
17:44:54,19.50,81835,22.91
17:44:57,19.48,81793,22.93
17:45:00,19.49,81750,22.95
17:45:03,19.47,81708,22.97
17:45:06,19.48,81665,22.99
17:45:09,19.46,81623,22.98
17:45:12,19.47,81580,22.96
17:45:15,19.45,81538,22.94
17:45:18,19.46,81495,22.92
17:45:21,19.44,81453,22.90
17:45:24,19.45,81410,22.88
17:45:27,19.43,81368,22.86
17:45:30,19.44,81325,22.84
17:45:33,19.42,81283,22.82
17:45:36,19.43,81240,22.80
17:45:39,19.41,81198,22.78
17:45:42,19.42,81155,22.76
17:45:45,19.40,81113,22.74
17:45:48,19.41,81070,22.72
17:45:51,19.39,81028,22.70
17:45:54,19.40,80985,22.68
17:45:57,19.38,80943,22.66
17:46:00,19.39,80900,22.64
17:46:03,19.37,80858,22.62
17:46:06,19.38,80815,22.60
17:46:09,19.36,80773,22.58
17:46:12,19.37,80730,22.56
17:46:15,19.35,80688,22.54
17:46:18,19.36,80645,22.52
17:46:21,19.34,80603,22.50
17:46:24,19.35,80560,22.48
17:46:27,19.33,80518,22.46
17:46:30,19.34,80475,22.44
17:46:33,19.32,80433,22.42
17:46:36,19.33,80390,22.40
17:46:39,19.31,80348,22.38
17:46:42,19.32,80305,22.36
17:46:45,19.30,80263,22.34
17:46:48,19.31,80220,22.32
17:46:51,19.29,80178,22.30
17:46:54,19.30,80135,22.28
17:46:57,19.28,80093,22.26
17:47:00,19.29,80050,22.24
17:47:03,19.27,80008,22.22
17:47:06,19.28,79965,22.20
17:47:09,19.26,79923,22.18
17:47:12,19.27,79880,22.16
17:47:15,19.25,79838,22.14
17:47:18,19.26,79795,22.12
17:47:21,19.24,79753,22.10
17:47:24,19.25,79710,22.08
17:47:27,19.23,79668,22.06
17:47:30,19.24,79625,22.04
17:47:33,19.22,79583,22.02
17:47:36,19.23,79540,22.00
17:47:39,19.21,79498,22.01
17:47:42,19.22,79455,22.03
17:47:45,19.20,79413,22.05
17:47:48,19.21,79370,22.07
17:47:51,19.19,79328,22.09
17:47:54,19.20,79285,22.11
17:47:57,19.18,79243,22.13
17:48:00,19.19,79200,22.15
17:48:03,19.17,79158,22.17
17:48:06,19.18,79115,22.19
17:48:09,19.16,79073,22.21
17:48:12,19.17,79030,22.23
17:48:15,19.15,78988,22.25
17:48:18,19.16,78945,22.27
17:48:21,19.14,78903,22.29
17:48:24,19.15,78860,22.31
17:48:27,19.13,78818,22.33
17:48:30,19.14,78775,22.35
17:48:33,19.12,78733,22.37
17:48:36,19.13,78690,22.39
17:48:39,19.11,78648,22.41
17:48:42,19.12,78605,22.43
17:48:45,19.10,78563,22.45
17:48:48,19.11,78520,22.47
17:48:51,19.09,78478,22.49
17:48:54,19.10,78435,22.51
17:48:57,19.08,78393,22.53
17:49:00,19.09,78350,22.55
17:49:03,19.07,78308,22.57
17:49:06,19.08,78265,22.59
17:49:09,19.06,78223,22.61
17:49:12,19.07,78180,22.63
17:49:15,19.05,78138,22.65
17:49:18,19.06,78095,22.67
17:49:21,19.04,78053,22.69
17:49:24,19.05,78010,22.71
17:49:27,19.03,77968,22.73
17:49:30,19.04,77925,22.75
17:49:33,19.02,77883,22.77
17:49:36,19.03,77840,22.79
17:49:39,19.01,77798,22.81
17:49:42,19.02,77755,22.83
17:49:45,19.00,77713,22.85
17:49:48,19.01,77670,22.87
17:49:51,18.99,77628,22.89
17:49:54,19.00,77585,22.91
17:49:57,18.98,77543,22.93
17:50:00,18.99,77500,22.95
17:50:03,18.97,77458,22.97
17:50:06,18.98,77415,22.99
17:50:09,18.96,77373,22.98
17:50:12,18.97,77330,22.96
17:50:15,18.95,77288,22.94
17:50:18,18.96,77245,22.92
17:50:21,18.94,77203,22.90
17:50:24,18.95,77160,22.88
17:50:27,18.93,77118,22.86
17:50:30,18.94,77075,22.84
17:50:33,18.92,77033,22.82
17:50:36,18.93,76990,22.80
17:50:39,18.91,76948,22.78
17:50:42,18.92,76905,22.76
17:50:45,18.90,76863,22.74
17:50:48,18.91,76820,22.72
17:50:51,18.89,76778,22.70
17:50:54,18.90,76735,22.68
17:50:57,18.88,76693,22.66
17:51:00,18.89,76650,22.64
17:51:03,18.87,76608,22.62
17:51:06,18.88,76565,22.60
17:51:09,18.86,76523,22.58
17:51:12,18.87,76480,22.56
17:51:15,18.85,76438,22.54
17:51:18,18.86,76395,22.52
17:51:21,18.84,76353,22.50
17:51:24,18.85,76310,22.48
17:51:27,18.83,76268,22.46
17:51:30,18.84,76225,22.44
17:51:33,18.82,76183,22.42
17:51:36,18.83,76140,22.40
17:51:39,18.81,76098,22.38
17:51:42,18.82,76055,22.36
17:51:45,18.80,76013,22.34
17:51:48,18.81,75970,22.32
17:51:51,18.79,75928,22.30
17:51:54,18.80,75885,22.28
17:51:57,18.78,75843,22.26
17:52:00,18.79,75800,22.24
17:52:03,18.77,75758,22.22
17:52:06,18.78,75715,22.20
17:52:09,18.76,75673,22.18
17:52:12,18.77,75630,22.16
17:52:15,18.75,75588,22.14
17:52:18,18.76,75545,22.12
17:52:21,18.74,75503,22.10
17:52:24,18.75,75460,22.08
17:52:27,18.73,75418,22.06
17:52:30,18.74,75375,22.04
17:52:33,18.72,75333,22.02
17:52:36,18.73,75290,22.00
17:52:39,18.71,75248,22.01
17:52:42,18.72,75205,22.03
17:52:45,18.70,75163,22.05
17:52:48,18.71,75120,22.07
17:52:51,18.69,75078,22.09
17:52:54,18.70,75035,22.11
17:52:57,18.68,74993,22.13
17:53:00,18.69,74950,22.15
17:53:03,18.67,74908,22.17
17:53:06,18.68,74865,22.19
17:53:09,18.66,74823,22.21
17:53:12,18.67,74780,22.23
17:53:15,18.65,74738,22.25
17:53:18,18.66,74695,22.27
17:53:21,18.64,74653,22.29
17:53:24,18.65,74610,22.31
17:53:27,18.63,74568,22.33
17:53:30,18.64,74525,22.35
17:53:33,18.62,74483,22.37
17:53:36,18.63,74440,22.39
17:53:39,18.61,74398,22.41
17:53:42,18.62,74355,22.43
17:53:45,18.60,74313,22.45
17:53:48,18.61,74270,22.47
17:53:51,18.59,74228,22.49
17:53:54,18.60,74185,22.51
17:53:57,18.58,74143,22.53
17:54:00,18.59,74100,22.55
17:54:03,18.57,74058,22.57
17:54:06,18.58,74015,22.59
17:54:09,18.56,73973,22.61
17:54:12,18.57,73930,22.63
17:54:15,18.55,73888,22.65
17:54:18,18.56,73845,22.67
17:54:21,18.54,73803,22.69
17:54:24,18.55,73760,22.71
17:54:27,18.53,73718,22.73
17:54:30,18.54,73675,22.75
17:54:33,18.52,73633,22.77
17:54:36,18.53,73590,22.79
17:54:39,18.51,73548,22.81
17:54:42,18.52,73505,22.83
17:54:45,18.50,73463,22.85
17:54:48,18.51,73420,22.87
17:54:51,18.49,73378,22.89
17:54:54,18.50,73335,22.91
17:54:57,18.48,73293,22.93
17:55:00,18.49,73250,22.95
17:55:03,18.47,73208,22.97
17:55:06,18.48,73165,22.99
17:55:09,18.46,73123,22.98
17:55:12,18.47,73080,22.96
17:55:15,18.45,73038,22.94
17:55:18,18.46,72995,22.92
17:55:21,18.44,72953,22.90
17:55:24,18.45,72910,22.88
17:55:27,18.43,72868,22.86
17:55:30,18.44,72825,22.84
17:55:33,18.42,72783,22.82
17:55:36,18.43,72740,22.80
17:55:39,18.41,72698,22.78
17:55:42,18.42,72655,22.76
17:55:45,18.40,72613,22.74
17:55:48,18.41,72570,22.72
17:55:51,18.39,72528,22.70
17:55:54,18.40,72485,22.68
17:55:57,18.38,72443,22.66
17:56:00,18.39,72400,22.64
17:56:03,18.37,72358,22.62
17:56:06,18.38,72315,22.60
17:56:09,18.36,72273,22.58
17:56:12,18.37,72230,22.56
17:56:15,18.35,72188,22.54
17:56:18,18.36,72145,22.52
17:56:21,18.34,72103,22.50
17:56:24,18.35,72060,22.48
17:56:27,18.33,72018,22.46
17:56:30,18.34,71975,22.44
17:56:33,18.32,71933,22.42
17:56:36,18.33,71890,22.40
17:56:39,18.31,71848,22.38
17:56:42,18.32,71805,22.36
17:56:45,18.30,71763,22.34
17:56:48,18.31,71720,22.32
17:56:51,18.29,71678,22.30
17:56:54,18.30,71635,22.28
17:56:57,18.28,71593,22.26
17:57:00,18.29,71550,22.24
17:57:03,18.27,71508,22.22
17:57:06,18.28,71465,22.20
17:57:09,18.26,71423,22.18
17:57:12,18.27,71380,22.16
17:57:15,18.25,71338,22.14
17:57:18,18.26,71295,22.12
17:57:21,18.24,71253,22.10
17:57:24,18.25,71210,22.08
17:57:27,18.23,71168,22.06
17:57:30,18.24,71125,22.04
17:57:33,18.22,71083,22.02
17:57:36,18.23,71040,22.00
17:57:39,18.21,70998,22.01
17:57:42,18.22,70955,22.03
17:57:45,18.20,70913,22.05
17:57:48,18.21,70870,22.07
17:57:51,18.19,70828,22.09
17:57:54,18.20,70785,22.11
17:57:57,18.18,70743,22.13
17:58:00,18.19,70700,22.15
17:58:03,18.17,70658,22.17
17:58:06,18.18,70615,22.19
17:58:09,18.16,70573,22.21
17:58:12,18.17,70530,22.23
17:58:15,18.15,70488,22.25
17:58:18,18.16,70445,22.27
17:58:21,18.14,70403,22.29
17:58:24,18.15,70360,22.31
17:58:27,18.13,70318,22.33
17:58:30,18.14,70275,22.35
17:58:33,18.12,70233,22.37
17:58:36,18.13,70190,22.39
17:58:39,18.11,70148,22.41
17:58:42,18.12,70105,22.43
17:58:45,18.10,70063,22.45
17:58:48,18.11,70020,22.47
17:58:51,18.09,69978,22.49
17:58:54,18.10,69935,22.51
17:58:57,18.08,69893,22.53
17:59:00,18.09,69850,22.55
17:59:03,18.07,69808,22.57
17:59:06,18.08,69765,22.59
17:59:09,18.06,69723,22.61
17:59:12,18.07,69680,22.63
17:59:15,18.05,69638,22.65
17:59:18,18.06,69595,22.67
17:59:21,18.04,69553,22.69
17:59:24,18.05,69510,22.71
17:59:27,18.03,69468,22.73
17:59:30,18.04,69425,22.75
17:59:33,18.02,69383,22.77
17:59:36,18.03,69340,22.79
17:59:39,18.01,69298,22.81
17:59:42,18.02,69255,22.83
17:59:45,18.00,69213,22.85
17:59:48,18.01,69170,22.87
17:59:51,17.99,69128,22.89
17:59:54,18.00,69085,22.91
17:59:57,17.98,69043,22.93