hora,temp,light,soil
21:00:00,18.95,0,20.88
21:00:03,18.94,0,20.87
21:00:06,18.95,0,20.88
21:00:09,18.93,0,20.86
21:00:12,18.94,0,20.87
21:00:15,18.92,0,20.85
21:00:18,18.93,0,20.86
21:00:21,18.91,0,20.84
21:00:24,18.92,0,20.85
21:00:27,18.90,0,20.83
21:00:30,18.91,0,20.84
21:00:33,18.89,0,20.82
21:00:36,18.90,0,20.83
21:00:39,18.88,0,20.81
21:00:42,18.89,0,20.82
21:00:45,18.87,0,20.80
21:00:48,18.88,0,20.81
21:00:51,18.86,0,20.79
21:00:54,18.87,0,20.80
21:00:57,18.85,0,20.78
21:01:00,18.86,0,20.79
21:01:03,18.84,0,20.77
21:01:06,18.85,0,20.78
21:01:09,18.83,0,20.76
21:01:12,18.84,0,20.77
21:01:15,18.82,0,20.75
21:01:18,18.83,0,20.76
21:01:21,18.81,0,20.74
21:01:24,18.82,0,20.75
21:01:27,18.80,0,20.73
21:01:30,18.81,0,20.74
21:01:33,18.79,0,20.72
21:01:36,18.80,0,20.73
21:01:39,18.78,0,20.71
21:01:42,18.79,0,20.72
21:01:45,18.77,0,20.70
21:01:48,18.78,0,20.71
21:01:51,18.76,0,20.69
21:01:54,18.77,0,20.70
21:01:57,18.75,0,20.68
21:02:00,18.76,0,20.69
21:02:03,18.74,0,20.67
21:02:06,18.75,0,20.68
21:02:09,18.73,0,20.66
21:02:12,18.74,0,20.67
21:02:15,18.72,0,20.65
21:02:18,18.73,0,20.66
21:02:21,18.71,0,20.64
21:02:24,18.72,0,20.65
21:02:27,18.70,0,20.63
21:02:30,18.71,0,20.64
21:02:33,18.69,0,20.62
21:02:36,18.70,0,20.63
21:02:39,18.68,0,20.61
21:02:42,18.69,0,20.62
21:02:45,18.67,0,20.60
21:02:48,18.68,0,20.61
21:02:51,18.66,0,20.59
21:02:54,18.67,0,20.60
21:02:57,18.65,0,20.58
21:03:00,18.66,0,20.59
21:03:03,18.64,0,20.57
21:03:06,18.65,0,20.58
21:03:09,18.63,0,20.56
21:03:12,18.64,0,20.57
21:03:15,18.62,0,20.55
21:03:18,18.63,0,20.56
21:03:21,18.61,0,20.54
21:03:24,18.62,0,20.55
21:03:27,18.60,0,20.53
21:03:30,18.61,0,20.54
21:03:33,18.59,0,20.52
21:03:36,18.60,0,20.53
21:03:39,18.58,0,20.51
21:03:42,18.59,0,20.52
21:03:45,18.57,0,20.50
21:03:48,18.58,0,20.51
21:03:51,18.56,0,20.49
21:03:54,18.57,0,20.50
21:03:57,18.55,0,20.48
21:04:00,18.56,0,20.49
21:04:03,18.54,0,20.47
21:04:06,18.55,0,20.48
21:04:09,18.53,0,20.46
21:04:12,18.54,0,20.47
21:04:15,18.52,0,20.45
21:04:18,18.53,0,20.46
21:04:21,18.51,0,20.44
21:04:24,18.52,0,20.45
21:04:27,18.50,0,20.43
21:04:30,18.51,0,20.44
21:04:33,18.49,0,20.42
21:04:36,18.50,0,20.43
21:04:39,18.48,0,20.41
21:04:42,18.49,0,20.42
21:04:45,18.47,0,20.40
21:04:48,18.48,0,20.41
21:04:51,18.46,0,20.39
21:04:54,18.47,0,20.40
21:04:57,18.45,0,20.38
21:05:00,18.46,0,20.39
21:05:03,18.44,0,20.37
21:05:06,18.45,0,20.38
21:05:09,18.43,0,20.36
21:05:12,18.44,0,20.37
21:05:15,18.42,0,20.35
21:05:18,18.43,0,20.36
21:05:21,18.41,0,20.34
21:05:24,18.42,0,20.35
21:05:27,18.40,0,20.33
21:05:30,18.41,0,20.34
21:05:33,18.39,0,20.32
21:05:36,18.40,0,20.33
21:05:39,18.38,0,20.31
21:05:42,18.39,0,20.32
21:05:45,18.37,0,20.30
21:05:48,18.38,0,20.31
21:05:51,18.36,0,20.29
21:05:54,18.37,0,20.30
21:05:57,18.35,0,20.28
21:06:00,18.36,0,20.29
21:06:03,18.34,0,20.27
21:06:06,18.35,0,20.28
21:06:09,18.33,0,20.26
21:06:12,18.34,0,20.27
21:06:15,18.32,0,20.25
21:06:18,18.33,0,20.26
21:06:21,18.31,0,20.24
21:06:24,18.32,0,20.25
21:06:27,18.30,0,20.23
21:06:30,18.31,0,20.24
21:06:33,18.29,0,20.22
21:06:36,18.30,0,20.23
21:06:39,18.28,0,20.21
21:06:42,18.29,0,20.22
21:06:45,18.27,0,20.20
21:06:48,18.28,0,20.21
21:06:51,18.26,0,20.19
21:06:54,18.27,0,20.20
21:06:57,18.25,0,20.18
21:07:00,18.26,0,20.19
21:07:03,18.24,0,20.17
21:07:06,18.25,0,20.18
21:07:09,18.23,0,20.16
21:07:12,18.24,0,20.17
21:07:15,18.22,0,20.15
21:07:18,18.23,0,20.16
21:07:21,18.21,0,20.14
21:07:24,18.22,0,20.15
21:07:27,18.20,0,20.13
21:07:30,18.21,0,20.14
21:07:33,18.19,0,20.12
21:07:36,18.20,0,20.13
21:07:39,18.18,0,20.11
21:07:42,18.19,0,20.12
21:07:45,18.17,0,20.10
21:07:48,18.18,0,20.11
21:07:51,18.16,0,20.09
21:07:54,18.17,0,20.10
21:07:57,18.15,0,20.08
21:08:00,18.16,0,20.09
21:08:03,18.14,0,20.07
21:08:06,18.15,0,20.08
21:08:09,18.13,0,20.06
21:08:12,18.14,0,20.07
21:08:15,18.12,0,20.05
21:08:18,18.13,0,20.06
21:08:21,18.11,0,20.04
21:08:24,18.12,0,20.05
21:08:27,18.10,0,20.03
21:08:30,18.11,0,20.04
21:08:33,18.09,0,20.02
21:08:36,18.10,0,20.03
21:08:39,18.08,0,20.01
21:08:42,18.09,0,20.02
21:08:45,18.07,0,20.00
21:08:48,18.08,0,20.01
21:08:51,18.06,0,20.00
21:08:54,18.07,0,20.01
21:08:57,18.05,0,20.00
21:09:00,18.06,0,20.01
21:09:03,18.04,0,20.00
21:09:06,18.05,0,20.01
21:09:09,18.03,0,20.00
21:09:12,18.04,0,20.01
21:09:15,18.02,0,20.00
21:09:18,18.03,0,20.01
21:09:21,18.01,0,20.00
21:09:24,18.02,0,20.01
21:09:27,18.00,0,20.00
21:09:30,18.01,0,20.01
21:09:33,17.99,0,20.00
21:09:36,18.00,0,20.01
21:09:39,17.98,0,20.00
21:09:42,17.99,0,20.01
21:09:45,17.97,0,20.00
21:09:48,17.98,0,20.01
21:09:51,17.96,0,20.00
21:09:54,17.97,0,20.01
21:09:57,17.95,0,20.00
21:10:00,17.96,0,20.01
21:10:03,17.94,0,20.00
21:10:06,17.95,0,20.01
21:10:09,17.93,0,20.00
21:10:12,17.94,0,20.01
21:10:15,17.92,0,20.00
21:10:18,17.93,0,20.01
21:10:21,17.91,0,20.00
21:10:24,17.92,0,20.01
21:10:27,17.90,0,20.00
21:10:30,17.91,0,20.01
21:10:33,17.89,0,20.00
21:10:36,17.90,0,20.01
21:10:39,17.88,0,20.00
21:10:42,17.89,0,20.01
21:10:45,17.87,0,20.00
21:10:48,17.88,0,20.01
21:10:51,17.86,0,20.00
21:10:54,17.87,0,20.01
21:10:57,17.85,0,20.00
21:11:00,17.86,0,20.01
21:11:03,17.84,0,20.00
21:11:06,17.85,0,20.01
21:11:09,17.83,0,20.00
21:11:12,17.84,0,20.01
21:11:15,17.82,0,20.00
21:11:18,17.83,0,20.01
21:11:21,17.81,0,20.00
21:11:24,17.82,0,20.01
21:11:27,17.80,0,20.00
21:11:30,17.81,0,20.01
21:11:33,17.79,0,20.00
21:11:36,17.80,0,20.01
21:11:39,17.78,0,20.00
21:11:42,17.79,0,20.01
21:11:45,17.77,0,20.00
21:11:48,17.78,0,20.01
21:11:51,17.76,0,20.00
21:11:54,17.77,0,20.01
21:11:57,17.75,0,20.00
21:12:00,17.76,0,20.01
21:12:03,17.74,0,20.00
21:12:06,17.75,0,20.01
21:12:09,17.73,0,20.00
21:12:12,17.74,0,20.01
21:12:15,17.72,0,20.00
21:12:18,17.73,0,20.01
21:12:21,17.71,0,20.00
21:12:24,17.72,0,20.01
21:12:27,17.70,0,20.00
21:12:30,17.71,0,20.01
21:12:33,17.69,0,20.00
21:12:36,17.70,0,20.01
21:12:39,17.68,0,20.00
21:12:42,17.69,0,20.01
21:12:45,17.67,0,20.00
21:12:48,17.68,0,20.01
21:12:51,17.66,0,20.00
21:12:54,17.67,0,20.01
21:12:57,17.65,0,20.00
21:13:00,17.66,0,20.01
21:13:03,17.64,0,20.00
21:13:06,17.65,0,20.01
21:13:09,17.63,0,20.00
21:13:12,17.64,0,20.01
21:13:15,17.62,0,20.00
21:13:18,17.63,0,20.01
21:13:21,17.61,0,20.00
21:13:24,17.62,0,20.01
21:13:27,17.60,0,20.00
21:13:30,17.61,0,20.01
21:13:33,17.59,0,20.00
21:13:36,17.60,0,20.01
21:13:39,17.58,0,20.00
21:13:42,17.59,0,20.01
21:13:45,17.57,0,20.00
21:13:48,17.58,0,20.01
21:13:51,17.56,0,20.00
21:13:54,17.57,0,20.01
21:13:57,17.55,0,20.00
21:14:00,17.56,0,20.01
21:14:03,17.54,0,20.00
21:14:06,17.55,0,20.01
21:14:09,17.53,0,20.00
21:14:12,17.54,0,20.01
21:14:15,17.52,0,20.00
21:14:18,17.53,0,20.01
21:14:21,17.51,0,20.00
21:14:24,17.52,0,20.01
21:14:27,17.50,0,20.00
21:14:30,17.51,0,20.01
21:14:33,17.49,0,20.00
21:14:36,17.50,0,20.01
21:14:39,17.48,0,20.00
21:14:42,17.49,0,20.01
21:14:45,17.47,0,20.00
21:14:48,17.48,0,20.01
21:14:51,17.46,0,20.00
21:14:54,17.47,0,20.01
21:14:57,17.45,0,20.00
21:15:00,17.46,0,20.01
21:15:03,17.44,0,20.00
21:15:06,17.45,0,20.01
21:15:09,17.43,0,20.00
21:15:12,17.44,0,20.01
21:15:15,17.42,0,20.00
21:15:18,17.43,0,20.01
21:15:21,17.41,0,20.00
21:15:24,17.42,0,20.01
21:15:27,17.40,0,20.00
21:15:30,17.41,0,20.01
21:15:33,17.39,0,20.00
21:15:36,17.40,0,20.01
21:15:39,17.38,0,20.00
21:15:42,17.39,0,20.01
21:15:45,17.37,0,20.00
21:15:48,17.38,0,20.01
21:15:51,17.36,0,20.00
21:15:54,17.37,0,20.01
21:15:57,17.35,0,20.00
21:16:00,17.36,0,20.01
21:16:03,17.34,0,20.00
21:16:06,17.35,0,20.01
21:16:09,17.33,0,20.00
21:16:12,17.34,0,20.01
21:16:15,17.32,0,20.00
21:16:18,17.33,0,20.01
21:16:21,17.31,0,20.00
21:16:24,17.32,0,20.01
21:16:27,17.30,0,20.00
21:16:30,17.31,0,20.01
21:16:33,17.29,0,20.00
21:16:36,17.30,0,20.01
21:16:39,17.28,0,20.00
21:16:42,17.29,0,20.01
21:16:45,17.27,0,20.00
21:16:48,17.28,0,20.01
21:16:51,17.26,0,20.00
21:16:54,17.27,0,20.01
21:16:57,17.25,0,20.00
21:17:00,17.26,0,20.01
21:17:03,17.24,0,20.00
21:17:06,17.25,0,20.01
21:17:09,17.23,0,20.00
21:17:12,17.24,0,20.01
21:17:15,17.22,0,20.00
21:17:18,17.23,0,20.01
21:17:21,17.21,0,20.00
21:17:24,17.22,0,20.01
21:17:27,17.20,0,20.00
21:17:30,17.21,0,20.01
21:17:33,17.19,0,20.00
21:17:36,17.20,0,20.01
21:17:39,17.18,0,20.00
21:17:42,17.19,0,20.01
21:17:45,17.17,0,20.00
21:17:48,17.18,0,20.01
21:17:51,17.16,0,20.00
21:17:54,17.17,0,20.01
21:17:57,17.15,0,20.00
21:18:00,17.16,0,20.01
21:18:03,17.14,0,20.00
21:18:06,17.15,0,20.01
21:18:09,17.13,0,20.00
21:18:12,17.14,0,20.01
21:18:15,17.12,0,20.00
21:18:18,17.13,0,20.01
21:18:21,17.11,0,20.00
21:18:24,17.12,0,20.01
21:18:27,17.10,0,20.00
21:18:30,17.11,0,20.01
21:18:33,17.09,0,20.00
21:18:36,17.10,0,20.01
21:18:39,17.08,0,20.00
21:18:42,17.09,0,20.01
21:18:45,17.07,0,20.00
21:18:48,17.08,0,20.01
21:18:51,17.06,0,20.00
21:18:54,17.07,0,20.01
21:18:57,17.05,0,20.00
21:19:00,17.06,0,20.01
21:19:03,17.04,0,20.00
21:19:06,17.05,0,20.01
21:19:09,17.03,0,20.00
21:19:12,17.04,0,20.01
21:19:15,17.02,0,20.00
21:19:18,17.03,0,20.01
21:19:21,17.01,0,20.00
21:19:24,17.02,0,20.01
21:19:27,17.00,0,20.00
21:19:30,17.01,0,20.01
21:19:33,17.00,0,20.00
21:19:36,17.01,0,20.01
21:19:39,17.00,0,20.00
21:19:42,17.01,0,20.01
21:19:45,17.00,0,20.00
21:19:48,17.01,0,20.01
21:19:51,17.00,0,20.00
21:19:54,17.01,0,20.01
21:19:57,17.00,0,20.00
21:20:00,17.01,0,20.01
21:20:03,17.00,0,20.00
21:20:06,17.01,0,20.01
21:20:09,17.00,0,20.00
21:20:12,17.01,0,20.01
21:20:15,17.00,0,20.00
21:20:18,17.01,0,20.01
21:20:21,17.00,0,20.00
21:20:24,17.01,0,20.01
21:20:27,17.00,0,20.00
21:20:30,17.01,0,20.01
21:20:33,17.00,0,20.00
21:20:36,17.01,0,20.01
21:20:39,17.00,0,20.00
21:20:42,17.01,0,20.01
21:20:45,17.00,0,20.00
21:20:48,17.01,0,20.01
21:20:51,17.00,0,20.00
21:20:54,17.01,0,20.01
21:20:57,17.00,0,20.00
21:21:00,17.01,0,20.01
21:21:03,17.00,0,20.00
21:21:06,17.01,0,20.01
21:21:09,17.00,0,20.00
21:21:12,17.01,0,20.01
21:21:15,17.00,0,20.00
21:21:18,17.01,0,20.01
21:21:21,17.00,0,20.00
21:21:24,17.01,0,20.01
21:21:27,17.00,0,20.00
21:21:30,17.01,0,20.01
21:21:33,17.00,0,20.00
21:21:36,17.01,0,20.01
21:21:39,17.00,0,20.00
21:21:42,17.01,0,20.01
21:21:45,17.00,0,20.00
21:21:48,17.01,0,20.01
21:21:51,17.00,0,20.00
21:21:54,17.01,0,20.01
21:21:57,17.00,0,20.00
21:22:00,17.01,0,20.01
21:22:03,17.00,0,20.00
21:22:06,17.01,0,20.01
21:22:09,17.00,0,20.00
21:22:12,17.01,0,20.01
21:22:15,17.00,0,20.00
21:22:18,17.01,0,20.01
21:22:21,17.00,0,20.00
21:22:24,17.01,0,20.01
21:22:27,17.00,0,20.00
21:22:30,17.01,0,20.01
21:22:33,17.00,0,20.00
21:22:36,17.01,0,20.01
21:22:39,17.00,0,20.00
21:22:42,17.01,0,20.01
21:22:45,17.00,0,20.00
21:22:48,17.01,0,20.01
21:22:51,17.00,0,20.00
21:22:54,17.01,0,20.01
21:22:57,17.00,0,20.00
21:23:00,17.01,0,20.01
21:23:03,17.00,0,20.00
21:23:06,17.01,0,20.01
21:23:09,17.00,0,20.00
21:23:12,17.01,0,20.01
21:23:15,17.00,0,20.00
21:23:18,17.01,0,20.01
21:23:21,17.00,0,20.00
21:23:24,17.01,0,20.01
21:23:27,17.00,0,20.00
21:23:30,17.01,0,20.01
21:23:33,17.00,0,20.00
21:23:36,17.01,0,20.01
21:23:39,17.00,0,20.00
21:23:42,17.01,0,20.01
21:23:45,17.00,0,20.00
21:23:48,17.01,0,20.01
21:23:51,17.00,0,20.00
21:23:54,17.01,0,20.01
21:23:57,17.00,0,20.00
21:24:00,17.01,0,20.01
21:24:03,17.00,0,20.00
21:24:06,17.01,0,20.01
21:24:09,17.00,0,20.00
21:24:12,17.01,0,20.01
21:24:15,17.00,0,20.00
21:24:18,17.01,0,20.01
21:24:21,17.00,0,20.00
21:24:24,17.01,0,20.01
21:24:27,17.00,0,20.00
21:24:30,17.01,0,20.01
21:24:33,17.00,0,20.00
21:24:36,17.01,0,20.01
21:24:39,17.00,0,20.00
21:24:42,17.01,0,20.01
21:24:45,17.00,0,20.00
21:24:48,17.01,0,20.01
21:24:51,17.00,0,20.00
21:24:54,17.01,0,20.01
21:24:57,17.00,0,20.00
21:25:00,17.01,0,20.01
21:25:03,17.00,0,20.00
21:25:06,17.01,0,20.01
21:25:09,17.00,0,20.00
21:25:12,17.01,0,20.01
21:25:15,17.00,0,20.00
21:25:18,17.01,0,20.01
21:25:21,17.00,0,20.00
21:25:24,17.01,0,20.01
21:25:27,17.00,0,20.00
21:25:30,17.01,0,20.01
21:25:33,17.00,0,20.00
21:25:36,17.01,0,20.01
21:25:39,17.00,0,20.00
21:25:42,17.01,0,20.01
21:25:45,17.00,0,20.00
21:25:48,17.01,0,20.01
21:25:51,17.00,0,20.00
21:25:54,17.01,0,20.01
21:25:57,17.00,0,20.00
21:26:00,17.01,0,20.01
21:26:03,17.00,0,20.00
21:26:06,17.01,0,20.01
21:26:09,17.00,0,20.00
21:26:12,17.01,0,20.01
21:26:15,17.00,0,20.00
21:26:18,17.01,0,20.01
21:26:21,17.00,0,20.00
21:26:24,17.01,0,20.01
21:26:27,17.00,0,20.00
21:26:30,17.01,0,20.01
21:26:33,17.00,0,20.00
21:26:36,17.01,0,20.01
21:26:39,17.00,0,20.00
21:26:42,17.01,0,20.01
21:26:45,17.00,0,20.00
21:26:48,17.01,0,20.01
21:26:51,17.00,0,20.00
21:26:54,17.01,0,20.01
21:26:57,17.00,0,20.00
21:27:00,17.01,0,20.01
21:27:03,17.00,0,20.00
21:27:06,17.01,0,20.01
21:27:09,17.00,0,20.00
21:27:12,17.01,0,20.01
21:27:15,17.00,0,20.00
21:27:18,17.01,0,20.01
21:27:21,17.00,0,20.00
21:27:24,17.01,0,20.01
21:27:27,17.00,0,20.00
21:27:30,17.01,0,20.01
21:27:33,17.00,0,20.00
21:27:36,17.01,0,20.01
21:27:39,17.00,0,20.00
21:27:42,17.01,0,20.01
21:27:45,17.00,0,20.00
21:27:48,17.01,0,20.01
21:27:51,17.00,0,20.00
21:27:54,17.01,0,20.01
21:27:57,17.00,0,20.00
21:28:00,17.01,0,20.01
21:28:03,17.00,0,20.00
21:28:06,17.01,0,20.01
21:28:09,17.00,0,20.00
21:28:12,17.01,0,20.01
21:28:15,17.00,0,20.00
21:28:18,17.01,0,20.01
21:28:21,17.00,0,20.00
21:28:24,17.01,0,20.01
21:28:27,17.00,0,20.00
21:28:30,17.01,0,20.01
21:28:33,17.00,0,20.00
21:28:36,17.01,0,20.01
21:28:39,17.00,0,20.00
21:28:42,17.01,0,20.01
21:28:45,17.00,0,20.00
21:28:48,17.01,0,20.01
21:28:51,17.00,0,20.00
21:28:54,17.01,0,20.01
21:28:57,17.00,0,20.00
21:29:00,17.01,0,20.01
21:29:03,17.00,0,20.00
21:29:06,17.01,0,20.01
21:29:09,17.00,0,20.00
21:29:12,17.01,0,20.01
21:29:15,17.00,0,20.00
21:29:18,17.01,0,20.01
21:29:21,17.00,0,20.00
21:29:24,17.01,0,20.01
21:29:27,17.00,0,20.00
21:29:30,17.01,0,20.01
21:29:33,17.00,0,20.00
21:29:36,17.01,0,20.01
21:29:39,17.00,0,20.00
21:29:42,17.01,0,20.01
21:29:45,17.00,0,20.00
21:29:48,17.01,0,20.01
21:29:51,17.00,0,20.00
21:29:54,17.01,0,20.01
21:29:57,17.00,0,20.00
21:30:00,17.01,0,20.01
21:30:03,17.00,0,20.00
21:30:06,17.01,0,20.01
21:30:09,17.00,0,20.00
21:30:12,17.01,0,20.01
21:30:15,17.00,0,20.00
21:30:18,17.01,0,20.01
21:30:21,17.00,0,20.00
21:30:24,17.01,0,20.01
21:30:27,17.00,0,20.00
21:30:30,17.01,0,20.01
21:30:33,17.00,0,20.00
21:30:36,17.01,0,20.01
21:30:39,17.00,0,20.00
21:30:42,17.01,0,20.01
21:30:45,17.00,0,20.00
21:30:48,17.01,0,20.01
21:30:51,17.00,0,20.00
21:30:54,17.01,0,20.01
21:30:57,17.00,0,20.00
21:31:00,17.01,0,20.01
21:31:03,17.00,0,20.00
21:31:06,17.01,0,20.01
21:31:09,17.00,0,20.00
21:31:12,17.01,0,20.01
21:31:15,17.00,0,20.00
21:31:18,17.01,0,20.01
21:31:21,17.00,0,20.00
21:31:24,17.01,0,20.01
21:31:27,17.00,0,20.00
21:31:30,17.01,0,20.01
21:31:33,17.00,0,20.00
21:31:36,17.01,0,20.01
21:31:39,17.00,0,20.00
21:31:42,17.01,0,20.01
21:31:45,17.00,0,20.00
21:31:48,17.01,0,20.01
21:31:51,17.00,0,20.00
21:31:54,17.01,0,20.01
21:31:57,17.00,0,20.00
21:32:00,17.01,0,20.01
21:32:03,17.00,0,20.00
21:32:06,17.01,0,20.01
21:32:09,17.00,0,20.00
21:32:12,17.01,0,20.01
21:32:15,17.00,0,20.00
21:32:18,17.01,0,20.01
21:32:21,17.00,0,20.00
21:32:24,17.01,0,20.01
21:32:27,17.00,0,20.00
21:32:30,17.01,0,20.01
21:32:33,17.00,0,20.00
21:32:36,17.01,0,20.01
21:32:39,17.00,0,20.00
21:32:42,17.01,0,20.01
21:32:45,17.00,0,20.00
21:32:48,17.01,0,20.01
21:32:51,17.00,0,20.00
21:32:54,17.01,0,20.01
21:32:57,17.00,0,20.00
21:33:00,17.01,0,20.01
21:33:03,17.00,0,20.00
21:33:06,17.01,0,20.01
21:33:09,17.00,0,20.00
21:33:12,17.01,0,20.01
21:33:15,17.00,0,20.00
21:33:18,17.01,0,20.01
21:33:21,17.00,0,20.00
21:33:24,17.01,0,20.01
21:33:27,17.00,0,20.00
21:33:30,17.01,0,20.01
21:33:33,17.00,0,20.00
21:33:36,17.01,0,20.01
21:33:39,17.00,0,20.00
21:33:42,17.01,0,20.01
21:33:45,17.00,0,20.00
21:33:48,17.01,0,20.01
21:33:51,17.00,0,20.00
21:33:54,17.01,0,20.01
21:33:57,17.00,0,20.00
21:34:00,17.01,0,20.01
21:34:03,17.00,0,20.00
21:34:06,17.01,0,20.01
21:34:09,17.00,0,20.00
21:34:12,17.01,0,20.01
21:34:15,17.00,0,20.00
21:34:18,17.01,0,20.01
21:34:21,17.00,0,20.00
21:34:24,17.01,0,20.01
21:34:27,17.00,0,20.00
21:34:30,17.01,0,20.01
21:34:33,17.00,0,20.00
21:34:36,17.01,0,20.01
21:34:39,17.00,0,20.00
21:34:42,17.01,0,20.01
21:34:45,17.00,0,20.00
21:34:48,17.01,0,20.01
21:34:51,17.00,0,20.00
21:34:54,17.01,0,20.01
21:34:57,17.00,0,20.00
21:35:00,17.01,0,20.01
21:35:03,17.00,0,20.00
21:35:06,17.01,0,20.01
21:35:09,17.00,0,20.00
21:35:12,17.01,0,20.01
21:35:15,17.00,0,20.00
21:35:18,17.01,0,20.01
21:35:21,17.00,0,20.00
21:35:24,17.01,0,20.01
21:35:27,17.00,0,20.00
21:35:30,17.01,0,20.01
21:35:33,17.00,0,20.00
21:35:36,17.01,0,20.01
21:35:39,17.00,0,20.00
21:35:42,17.01,0,20.01
21:35:45,17.00,0,20.00
21:35:48,17.01,0,20.01
21:35:51,17.00,0,20.00
21:35:54,17.01,0,20.01
21:35:57,17.00,0,20.00
21:36:00,17.01,0,20.01
21:36:03,17.00,0,20.00
21:36:06,17.01,0,20.01
21:36:09,17.00,0,20.00
21:36:12,17.01,0,20.01
21:36:15,17.00,0,20.00
21:36:18,17.01,0,20.01
21:36:21,17.00,0,20.00
21:36:24,17.01,0,20.01
21:36:27,17.00,0,20.00
21:36:30,17.01,0,20.01
21:36:33,17.00,0,20.00
21:36:36,17.01,0,20.01
21:36:39,17.00,0,20.00
21:36:42,17.01,0,20.01
21:36:45,17.00,0,20.00
21:36:48,17.01,0,20.01
21:36:51,17.00,0,20.00
21:36:54,17.01,0,20.01
21:36:57,17.00,0,20.00
21:37:00,17.01,0,20.01
21:37:03,17.00,0,20.00
21:37:06,17.01,0,20.01
21:37:09,17.00,0,20.00
21:37:12,17.01,0,20.01
21:37:15,17.00,0,20.00
21:37:18,17.01,0,20.01
21:37:21,17.00,0,20.00
21:37:24,17.01,0,20.01
21:37:27,17.00,0,20.00
21:37:30,17.01,0,20.01
21:37:33,17.00,0,20.00
21:37:36,17.01,0,20.01
21:37:39,17.00,0,20.00
21:37:42,17.01,0,20.01
21:37:45,17.00,0,20.00
21:37:48,17.01,0,20.01
21:37:51,17.00,0,20.00
21:37:54,17.01,0,20.01
21:37:57,17.00,0,20.00
21:38:00,17.01,0,20.01
21:38:03,17.00,0,20.00
21:38:06,17.01,0,20.01
21:38:09,17.00,0,20.00
21:38:12,17.01,0,20.01
21:38:15,17.00,0,20.00
21:38:18,17.01,0,20.01
21:38:21,17.00,0,20.00
21:38:24,17.01,0,20.01
21:38:27,17.00,0,20.00
21:38:30,17.01,0,20.01
21:38:33,17.00,0,20.00
21:38:36,17.01,0,20.01
21:38:39,17.00,0,20.00
21:38:42,17.01,0,20.01
21:38:45,17.00,0,20.00
21:38:48,17.01,0,20.01
21:38:51,17.00,0,20.00
21:38:54,17.01,0,20.01
21:38:57,17.00,0,20.00
21:39:00,17.01,0,20.01
21:39:03,17.00,0,20.00
21:39:06,17.01,0,20.01
21:39:09,17.00,0,20.00
21:39:12,17.01,0,20.01
21:39:15,17.00,0,20.00
21:39:18,17.01,0,20.01
21:39:21,17.00,0,20.00
21:39:24,17.01,0,20.01
21:39:27,17.00,0,20.00
21:39:30,17.01,0,20.01
21:39:33,17.00,0,20.00
21:39:36,17.01,0,20.01
21:39:39,17.00,0,20.00
21:39:42,17.01,0,20.01
21:39:45,17.00,0,20.00
21:39:48,17.01,0,20.01
21:39:51,17.00,0,20.00
21:39:54,17.01,0,20.01
21:39:57,17.00,0,20.00
21:40:00,17.01,0,20.01
21:40:03,17.00,0,20.00
21:40:06,17.01,0,20.01
21:40:09,17.00,0,20.00
21:40:12,17.01,0,20.01
21:40:15,17.00,0,20.00
21:40:18,17.01,0,20.01
21:40:21,17.00,0,20.00
21:40:24,17.01,0,20.01
21:40:27,17.00,0,20.00
21:40:30,17.01,0,20.01
21:40:33,17.00,0,20.00
21:40:36,17.01,0,20.01
21:40:39,17.00,0,20.00
21:40:42,17.01,0,20.01
21:40:45,17.00,0,20.00
21:40:48,17.01,0,20.01
21:40:51,17.00,0,20.00
21:40:54,17.01,0,20.01
21:40:57,17.00,0,20.00
21:41:00,17.01,0,20.01
21:41:03,17.00,0,20.00
21:41:06,17.01,0,20.01
21:41:09,17.00,0,20.00
21:41:12,17.01,0,20.01
21:41:15,17.00,0,20.00
21:41:18,17.01,0,20.01
21:41:21,17.00,0,20.00
21:41:24,17.01,0,20.01
21:41:27,17.00,0,20.00
21:41:30,17.01,0,20.01
21:41:33,17.00,0,20.00
21:41:36,17.01,0,20.01
21:41:39,17.00,0,20.00
21:41:42,17.01,0,20.01
21:41:45,17.00,0,20.00
21:41:48,17.01,0,20.01
21:41:51,17.00,0,20.00
21:41:54,17.01,0,20.01
21:41:57,17.00,0,20.00
21:42:00,17.01,0,20.01
21:42:03,17.00,0,20.00
21:42:06,17.01,0,20.01
21:42:09,17.00,0,20.00
21:42:12,17.01,0,20.01
21:42:15,17.00,0,20.00
21:42:18,17.01,0,20.01
21:42:21,17.00,0,20.00
21:42:24,17.01,0,20.01
21:42:27,17.00,0,20.00
21:42:30,17.01,0,20.01
21:42:33,17.00,0,20.00
21:42:36,17.01,0,20.01
21:42:39,17.00,0,20.00
21:42:42,17.01,0,20.01
21:42:45,17.00,0,20.00
21:42:48,17.01,0,20.01
21:42:51,17.00,0,20.00
21:42:54,17.01,0,20.01
21:42:57,17.00,0,20.00
21:43:00,17.01,0,20.01
21:43:03,17.00,0,20.00
21:43:06,17.01,0,20.01
21:43:09,17.00,0,20.00
21:43:12,17.01,0,20.01
21:43:15,17.00,0,20.00
21:43:18,17.01,0,20.01
21:43:21,17.00,0,20.00
21:43:24,17.01,0,20.01
21:43:27,17.00,0,20.00
21:43:30,17.01,0,20.01
21:43:33,17.00,0,20.00
21:43:36,17.01,0,20.01
21:43:39,17.00,0,20.00
21:43:42,17.01,0,20.01
21:43:45,17.00,0,20.00
21:43:48,17.01,0,20.01
21:43:51,17.00,0,20.00
21:43:54,17.01,0,20.01
21:43:57,17.00,0,20.00
21:44:00,17.01,0,20.01
21:44:03,17.00,0,20.00
21:44:06,17.01,0,20.01
21:44:09,17.00,0,20.00
21:44:12,17.01,0,20.01
21:44:15,17.00,0,20.00
21:44:18,17.01,0,20.01
21:44:21,17.00,0,20.00
21:44:24,17.01,0,20.01
21:44:27,17.00,0,20.00
21:44:30,17.01,0,20.01
21:44:33,17.00,0,20.00
21:44:36,17.01,0,20.01
21:44:39,17.00,0,20.00
21:44:42,17.01,0,20.01
21:44:45,17.00,0,20.00
21:44:48,17.01,0,20.01
21:44:51,17.00,0,20.00
21:44:54,17.01,0,20.01
21:44:57,17.00,0,20.00
21:45:00,17.01,0,20.01
21:45:03,17.00,0,20.00
21:45:06,17.01,0,20.01
21:45:09,17.00,0,20.00
21:45:12,17.01,0,20.01
21:45:15,17.00,0,20.00
21:45:18,17.01,0,20.01
21:45:21,17.00,0,20.00
21:45:24,17.01,0,20.01
21:45:27,17.00,0,20.00
21:45:30,17.01,0,20.01
21:45:33,17.00,0,20.00
21:45:36,17.01,0,20.01
21:45:39,17.00,0,20.00
21:45:42,17.01,0,20.01
21:45:45,17.00,0,20.00
21:45:48,17.01,0,20.01
21:45:51,17.00,0,20.00
21:45:54,17.01,0,20.01
21:45:57,17.00,0,20.00
21:46:00,17.01,0,20.01
21:46:03,17.00,0,20.00
21:46:06,17.01,0,20.01
21:46:09,17.00,0,20.00
21:46:12,17.01,0,20.01
21:46:15,17.00,0,20.00
21:46:18,17.01,0,20.01
21:46:21,17.00,0,20.00
21:46:24,17.01,0,20.01
21:46:27,17.00,0,20.00
21:46:30,17.01,0,20.01
21:46:33,17.00,0,20.00
21:46:36,17.01,0,20.01
21:46:39,17.00,0,20.00
21:46:42,17.01,0,20.01
21:46:45,17.00,0,20.00
21:46:48,17.01,0,20.01
21:46:51,17.00,0,20.00
21:46:54,17.01,0,20.01
21:46:57,17.00,0,20.00
21:47:00,17.01,0,20.01
21:47:03,17.00,0,20.00
21:47:06,17.01,0,20.01
21:47:09,17.00,0,20.00
21:47:12,17.01,0,20.01
21:47:15,17.00,0,20.00
21:47:18,17.01,0,20.01
21:47:21,17.00,0,20.00
21:47:24,17.01,0,20.01
21:47:27,17.00,0,20.00
21:47:30,17.01,0,20.01
21:47:33,17.00,0,20.00
21:47:36,17.01,0,20.01
21:47:39,17.00,0,20.00
21:47:42,17.01,0,20.01
21:47:45,17.00,0,20.00
21:47:48,17.01,0,20.01
21:47:51,17.00,0,20.00
21:47:54,17.01,0,20.01
21:47:57,17.00,0,20.00
21:48:00,17.01,0,20.01
21:48:03,17.00,0,20.00
21:48:06,17.01,0,20.01
21:48:09,17.00,0,20.00
21:48:12,17.01,0,20.01
21:48:15,17.00,0,20.00
21:48:18,17.01,0,20.01
21:48:21,17.00,0,20.00
21:48:24,17.01,0,20.01
21:48:27,17.00,0,20.00
21:48:30,17.01,0,20.01
21:48:33,17.00,0,20.00
21:48:36,17.01,0,20.01
21:48:39,17.00,0,20.00
21:48:42,17.01,0,20.01
21:48:45,17.00,0,20.00
21:48:48,17.01,0,20.01
21:48:51,17.00,0,20.00
21:48:54,17.01,0,20.01
21:48:57,17.00,0,20.00
21:49:00,17.01,0,20.01
21:49:03,17.00,0,20.00
21:49:06,17.01,0,20.01
21:49:09,17.00,0,20.00
21:49:12,17.01,0,20.01
21:49:15,17.00,0,20.01
21:49:18,17.01,0,20.01
21:49:21,17.00,0,20.00
21:49:24,17.01,0,20.01
21:49:27,17.00,0,20.00
21:49:30,17.01,0,20.01
21:49:33,17.00,0,20.00
21:49:36,17.01,0,20.01
21:49:39,17.00,0,20.00
21:49:42,17.01,0,20.01
21:49:45,17.00,0,20.00
21:49:48,17.01,0,20.01
21:49:51,17.00,0,20.00
21:49:54,17.01,0,20.01
21:49:57,17.00,0,20.00
21:50:00,17.01,0,20.01
21:50:03,17.00,0,20.00
21:50:06,17.01,0,20.01
21:50:09,17.00,0,20.00
21:50:12,17.01,0,20.01
21:50:15,17.00,0,20.00
21:50:18,17.01,0,20.01
21:50:21,17.00,0,20.00
21:50:24,17.01,0,20.01
21:50:27,17.00,0,20.00
21:50:30,17.01,0,20.01
21:50:33,17.00,0,20.00
21:50:36,17.01,0,20.01
21:50:39,17.00,0,20.00
21:50:42,17.01,0,20.01
21:50:45,17.00,0,20.00
21:50:48,17.01,0,20.01
21:50:51,17.00,0,20.00
21:50:54,17.01,0,20.01
21:50:57,17.00,0,20.00
21:51:00,17.01,0,20.01
21:51:03,17.00,0,20.00
21:51:06,17.01,0,20.01
21:51:09,17.00,0,20.00
21:51:12,17.01,0,20.01
21:51:15,17.00,0,20.00
21:51:18,17.01,0,20.01
21:51:21,17.00,0,20.00
21:51:24,17.01,0,20.01
21:51:27,17.00,0,20.00
21:51:30,17.01,0,20.01
21:51:33,17.00,0,20.00
21:51:36,17.01,0,20.01
21:51:39,17.00,0,20.00
21:51:42,17.01,0,20.01
21:51:45,17.00,0,20.00
21:51:48,17.01,0,20.01
21:51:51,17.00,0,20.00
21:51:54,17.01,0,20.01
21:51:57,17.00,0,20.00
21:52:00,17.01,0,20.01
21:52:03,17.00,0,20.00
21:52:06,17.01,0,20.01
21:52:09,17.00,0,20.00
21:52:12,17.01,0,20.01
21:52:15,17.00,0,20.00
21:52:18,17.01,0,20.01
21:52:21,17.00,0,20.00
21:52:24,17.01,0,20.01
21:52:27,17.00,0,20.00
21:52:30,17.01,0,20.01
21:52:33,17.00,0,20.00
21:52:36,17.01,0,20.01
21:52:39,17.00,0,20.00
21:52:42,17.01,0,20.01
21:52:45,17.00,0,20.00
21:52:48,17.01,0,20.01
21:52:51,17.00,0,20.00
21:52:54,17.01,0,20.01
21:52:57,17.00,0,20.00
21:53:00,17.01,0,20.01
21:53:03,17.00,0,20.00
21:53:06,17.01,0,20.01
21:53:09,17.00,0,20.00
21:53:12,17.01,0,20.01
21:53:15,17.00,0,20.00
21:53:18,17.01,0,20.01
21:53:21,17.00,0,20.00
21:53:24,17.01,0,20.01
21:53:27,17.00,0,20.00
21:53:30,17.01,0,20.01
21:53:33,17.00,0,20.00
21:53:36,17.01,0,20.01
21:53:39,17.00,0,20.00
21:53:42,17.01,0,20.01
21:53:45,17.00,0,20.00
21:53:48,17.01,0,20.01
21:53:51,17.00,0,20.00
21:53:54,17.01,0,20.01
21:53:57,17.00,0,20.00
21:54:00,17.01,0,20.01
21:54:03,17.00,0,20.00
21:54:06,17.01,0,20.01
21:54:09,17.00,0,20.00
21:54:12,17.01,0,20.01
21:54:15,17.00,0,20.00
21:54:18,17.01,0,20.01
21:54:21,17.00,0,20.00
21:54:24,17.01,0,20.01
21:54:27,17.00,0,20.00
21:54:30,17.01,0,20.01
21:54:33,17.00,0,20.00
21:54:36,17.01,0,20.01
21:54:39,17.00,0,20.00
21:54:42,17.01,0,20.01
21:54:45,17.00,0,20.00
21:54:48,17.01,0,20.01
21:54:51,17.00,0,20.00
21:54:54,17.01,0,20.01
21:54:57,17.00,0,20.00
21:55:00,17.01,0,20.01
21:55:03,17.00,0,20.00
21:55:06,17.01,0,20.01
21:55:09,17.00,0,20.00
21:55:12,17.01,0,20.01
21:55:15,17.00,0,20.00
21:55:18,17.01,0,20.01
21:55:21,17.00,0,20.00
21:55:24,17.01,0,20.01
21:55:27,17.00,0,20.00
21:55:30,17.01,0,20.01
21:55:33,17.00,0,20.00
21:55:36,17.01,0,20.01
21:55:39,17.00,0,20.00
21:55:42,17.01,0,20.01
21:55:45,17.00,0,20.00
21:55:48,17.01,0,20.01
21:55:51,17.00,0,20.00
21:55:54,17.01,0,20.01
21:55:57,17.00,0,20.00
21:56:00,17.01,0,20.01
21:56:03,17.00,0,20.00
21:56:06,17.01,0,20.01
21:56:09,17.00,0,20.00
21:56:12,17.01,0,20.01
21:56:15,17.00,0,20.00
21:56:18,17.01,0,20.01
21:56:21,17.00,0,20.00
21:56:24,17.01,0,20.01
21:56:27,17.00,0,20.00
21:56:30,17.01,0,20.01
21:56:33,17.00,0,20.00
21:56:36,17.01,0,20.01
21:56:39,17.00,0,20.00
21:56:42,17.01,0,20.01
21:56:45,17.00,0,20.00
21:56:48,17.01,0,20.01
21:56:51,17.00,0,20.00
21:56:54,17.01,0,20.01
21:56:57,17.00,0,20.00
21:57:00,17.01,0,20.01
21:57:03,17.00,0,20.00
21:57:06,17.01,0,20.01
21:57:09,17.00,0,20.00
21:57:12,17.01,0,20.01
21:57:15,17.00,0,20.00
21:57:18,17.01,0,20.01
21:57:21,17.00,0,20.00
21:57:24,17.01,0,20.01
21:57:27,17.00,0,20.00
21:57:30,17.01,0,20.01
21:57:33,17.00,0,20.00
21:57:36,17.01,0,20.01
21:57:39,17.00,0,20.00
21:57:42,17.01,0,20.01
21:57:45,17.00,0,20.00
21:57:48,17.01,0,20.01
21:57:51,17.00,0,20.00
21:57:54,17.01,0,20.01
21:57:57,17.00,0,20.00
21:58:00,17.01,0,20.01
21:58:03,17.00,0,20.00
21:58:06,17.01,0,20.01
21:58:09,17.00,0,20.00
21:58:12,17.01,0,20.01
21:58:15,17.00,0,20.00
21:58:18,17.01,0,20.01
21:58:21,17.00,0,20.00
21:58:24,17.01,0,20.01
21:58:27,17.00,0,20.00
21:58:30,17.01,0,20.01
21:58:33,17.00,0,20.00
21:58:36,17.01,0,20.01
21:58:39,17.00,0,20.00
21:58:42,17.01,0,20.01
21:58:45,17.00,0,20.00
21:58:48,17.01,0,20.01
21:58:51,17.00,0,20.00
21:58:54,17.01,0,20.01
21:58:57,17.00,0,20.00
21:59:00,17.01,0,20.01
21:59:03,17.00,0,20.00
21:59:06,17.01,0,20.01
21:59:09,17.00,0,20.00
21:59:12,17.01,0,20.01
21:59:15,17.00,0,20.00
21:59:18,17.01,0,20.01
21:59:21,17.00,0,20.00
21:59:24,17.01,0,20.01
21:59:27,17.00,0,20.00
21:59:30,17.01,0,20.01
21:59:33,17.00,0,20.00
21:59:36,17.01,0,20.01
21:59:39,17.00,0,20.00
21:59:42,17.01,0,20.01
21:59:45,17.00,0,20.00
21:59:48,17.01,0,20.01
21:59:51,17.00,0,20.00
21:59:54,17.01,0,20.01
21:59:57,17.00,0,20.00