hora,temp,light,soil
23:00:00,17.59,468616,20.78
23:00:03,17.59,468662,20.33
23:00:06,17.59,468709,20.91
23:00:09,17.60,468756,20.15
23:00:12,17.60,468802,20.56
23:00:15,17.60,468849,20.84
23:00:18,17.61,468896,20.02
23:00:21,17.61,468942,20.48
23:00:24,17.61,468989,20.71
23:00:27,17.62,469036,20.29
23:00:30,17.62,469082,20.65
23:00:33,17.62,469129,20.99
23:00:36,17.63,469176,20.08
23:00:39,17.63,469222,20.41
23:00:42,17.63,469269,20.88
23:00:45,17.64,469316,20.12
23:00:48,17.64,469362,20.59
23:00:51,17.64,469409,20.75
23:00:54,17.65,469456,20.34
23:00:57,17.65,469502,20.62
23:01:00,17.65,469549,20.95
23:01:03,17.66,469596,20.05
23:01:06,17.66,469642,20.51
23:01:09,17.66,469689,20.79
23:01:12,17.67,469736,20.26
23:01:15,17.67,469782,20.68
23:01:18,17.67,469829,20.81
23:01:21,17.68,469876,20.18
23:01:24,17.68,469922,20.54
23:01:27,17.68,469969,20.85
23:01:30,17.69,470016,20.09
23:01:33,17.69,470062,20.45
23:01:36,17.69,470109,20.72
23:01:39,17.70,470156,20.30
23:01:42,17.70,470202,20.60
23:01:45,17.70,470249,20.91
23:01:48,17.71,470296,20.16
23:01:51,17.71,470342,20.50
23:01:54,17.71,470389,20.82
23:01:57,17.72,470436,20.06
23:02:00,17.72,470482,20.42
23:02:03,17.72,470529,20.76
23:02:06,17.73,470576,20.23
23:02:09,17.73,470622,20.63
23:02:12,17.73,470669,20.94
23:02:15,17.74,470716,20.13
23:02:18,17.74,470762,20.49
23:02:21,17.74,470809,20.78
23:02:24,17.75,470856,20.37
23:02:27,17.75,470902,20.66
23:02:30,17.75,470949,20.97
23:02:33,17.76,470996,20.03
23:02:36,17.76,471042,20.40
23:02:39,17.76,471089,20.80
23:02:42,17.77,471136,20.20
23:02:45,17.77,471182,20.58
23:02:48,17.77,471229,20.89
23:02:51,17.78,471276,20.10
23:02:54,17.78,471322,20.46
23:02:57,17.78,471369,20.75
23:03:00,17.79,471416,20.33
23:03:03,17.79,471462,20.69
23:03:06,17.79,471509,20.92
23:03:09,17.80,471556,20.19
23:03:12,17.80,471602,20.53
23:03:15,17.80,41686,20.86
23:03:18,17.81,471702,20.07
23:03:21,17.81,471749,20.43
23:03:24,17.81,471796,20.71
23:03:27,17.82,471842,20.39
23:03:30,17.82,471889,20.62
23:03:33,17.82,471936,20.95
23:03:36,17.83,471982,20.15
23:03:39,17.83,472029,20.50
23:03:42,17.83,472076,20.83
23:03:45,17.84,472122,20.04
23:03:48,17.84,472169,20.40
23:03:51,17.84,472216,20.77
23:03:54,17.85,472262,20.25
23:03:57,17.85,472309,20.65
23:04:00,17.85,472356,20.90
23:04:03,17.86,472402,20.12
23:04:06,17.86,472449,20.48
23:04:09,17.86,472496,20.79
23:04:12,17.87,472542,20.36
23:04:15,17.87,472589,20.68
23:04:18,17.87,472636,20.84
23:04:21,17.88,472682,20.01
23:04:24,17.88,472729,20.39
23:04:27,17.88,472776,20.74
23:04:30,17.89,472822,20.28
23:04:33,17.89,472869,20.61
23:04:36,17.89,472916,20.93
23:04:39,17.90,472962,20.18
23:04:42,17.90,473009,20.52
23:04:45,17.90,473056,20.85
23:04:48,17.91,473102,20.08
23:04:51,17.91,473149,20.44
23:04:54,17.91,473196,20.77
23:04:57,17.92,473242,20.31
23:05:00,17.92,473289,20.64
23:05:03,17.92,473336,20.96
23:05:06,17.93,473382,20.14
23:05:09,17.93,473429,20.50
23:05:12,17.93,473476,20.82
23:05:15,17.94,473522,20.05
23:05:18,17.94,473569,20.41
23:05:21,17.94,473616,20.70
23:05:24,17.95,473662,20.38
23:05:27,17.95,473709,20.67
23:05:30,17.95,473756,20.98
23:05:33,17.96,473802,20.02
23:05:36,17.96,473849,20.38
23:05:39,17.96,473896,20.73
23:05:42,17.97,473942,20.27
23:05:45,17.97,473989,20.60
23:05:48,17.97,474036,20.92
23:05:51,17.98,474082,20.17
23:05:54,17.98,474129,20.51
23:05:57,17.98,474176,20.84
23:06:00,17.99,474222,20.07
23:06:03,17.99,474269,20.43
23:06:06,17.99,474316,20.76
23:06:09,17.98,474362,20.30
23:06:12,17.98,474409,20.63
23:06:15,17.98,474456,20.95
23:06:18,17.97,474502,20.11
23:06:21,17.97,474549,20.47
23:06:24,17.97,474596,20.80
23:06:27,17.96,474642,22:24
23:06:30,17.96,474689,20.59
23:06:33,17.96,474736,20.91
23:06:36,17.95,474782,20.16
23:06:39,17.95,474829,20.50
23:06:42,17.95,474876,20.83
23:06:45,17.94,474922,20.06
23:06:48,17.94,474969,20.42
23:06:51,17.94,475016,20.75
23:06:54,17.93,475062,20.29
23:06:57,17.93,475109,20.62
23:07:00,17.93,475156,20.94
23:07:03,17.92,475202,20.14
23:07:06,17.92,475249,20.48
23:07:09,17.92,475296,20.81
23:07:12,17.91,475342,20.04
23:07:15,17.91,475389,20.40
23:07:18,17.91,475436,20.73
23:07:21,17.90,475482,20.37
23:07:24,17.90,475529,20.66
23:07:27,17.90,475576,20.97
23:07:30,17.89,475622,20.02
23:07:33,17.89,475669,20.38
23:07:36,17.89,475716,20.73
23:07:39,17.88,475762,20.27
23:07:42,17.88,475809,20.60
23:07:45,17.88,475856,20.92
23:07:48,17.87,475902,20.17
23:07:51,17.87,475949,20.51
23:07:54,17.87,475996,20.84
23:07:57,17.86,476042,20.07
23:08:00,17.86,476089,20.43
23:08:03,17.86,476136,20.76
23:08:06,17.85,476182,20.30
23:08:09,17.85,476229,20.63
23:08:12,17.85,476276,20.95
23:08:15,17.84,476322,20.11
23:08:18,17.84,476369,20.47
23:08:21,17.84,476416,20.80
23:08:24,17.83,476462,20.24
23:08:27,17.83,476509,20.59
23:08:30,17.83,476556,20.91
23:08:33,17.82,476602,20.16
23:08:36,17.82,476649,20.50
23:08:39,17.82,476696,20.83
23:08:42,17.81,476742,20.06
23:08:45,17.81,476789,20.42
23:08:48,17.81,476836,20.75
23:08:51,17.80,476882,20.29
23:08:54,17.80,476929,20.62
23:08:57,17.80,476976,20.94
23:09:00,17.79,477022,20.14
23:09:03,17.79,477069,20.48
23:09:06,17.79,477116,20.81
23:09:09,17.78,477162,20.04
23:09:12,17.78,477209,20.40
23:09:15,17.78,477256,20.73
23:09:18,17.77,477302,20.37
23:09:21,17.77,477349,20.66
23:09:24,17.77,477396,20.97
23:09:27,17.76,477442,20.02
23:09:30,17.76,477489,20.38
23:09:33,17.76,477536,20.73
23:09:36,17.75,477582,20.27
23:09:39,17.75,477629,20.60
23:09:42,17.75,477676,20.92
23:09:45,17.74,477722,20.17
23:09:48,17.74,477769,20.51
23:09:51,17.74,477816,20.84
23:09:54,17.73,477862,20.07
23:09:57,17.73,477909,20.43
23:10:00,17.73,477956,20.76
23:10:03,17.72,478002,20.30
23:10:06,17.72,478049,20.63
23:10:09,17.72,478096,20.95
23:10:12,17.71,478142,20.11
23:10:15,17.71,478189,20.47
23:10:18,17.71,478236,20.80
23:10:21,17.70,478282,20.24
23:10:24,17.70,478329,20.59
23:10:27,17.70,478376,20.91
23:10:30,17.69,478422,20.16
23:10:33,17.69,478469,20.50
23:10:36,17.69,478516,20.83
23:10:39,17.68,478562,20.06
23:10:42,17.68,478609,20.42
23:10:45,17.68,478656,20.75
23:10:48,17.67,478702,20.29
23:10:51,17.67,478749,20.62
23:10:54,17.67,478796,20.94
23:10:57,17.66,478842,20.14
23:11:00,17.66,478889,20.48
23:11:03,17.66,478936,20.81
23:11:06,17.65,478982,20.04
23:11:09,17.65,479029,20.40
23:11:12,17.65,479076,20.73
23:11:15,17.64,479122,20.37
23:11:18,17.64,479169,20.66
23:11:21,17.64,479216,20.97
23:11:24,17.63,479262,20.02
23:11:27,17.63,479309,20.38
23:11:30,17.63,479356,20.73
23:11:33,17.62,479402,20.27
23:11:36,17.62,479449,20.60
23:11:39,17.62,479496,20.92
23:11:42,17.61,479542,20.17
23:11:45,17.61,479589,20.51
23:11:48,17.61,479636,20.84
23:11:51,17.60,479682,20.07
23:11:54,17.60,479729,20.43
23:11:57,17.60,479776,20.76
23:12:00,17.59,479822,20.30
23:12:03,17.59,479869,20.63
23:12:06,17.59,479916,20.95
23:12:09,17.58,479962,20.11
23:12:12,17.58,480009,20.47
23:12:15,17.58,480056,20.80
23:12:18,17.57,480102,20.24
23:12:21,17.57,480149,20.59
23:12:24,17.57,480196,20.91
23:12:27,17.56,480242,20.16
23:12:30,17.56,480289,20.50
23:12:33,17.56,480336,20.83
23:12:36,17.55,480382,20.06
23:12:39,17.55,480429,20.42
23:12:42,17.55,480476,20.75
23:12:45,17.54,480522,20.29
23:12:48,17.54,480569,20.62
23:12:51,17.54,480616,20.94
23:12:54,17.53,480662,20.14
23:12:57,17.53,480709,20.48
23:13:00,17.53,480756,20.81
23:13:03,17.52,480802,20.04
23:13:06,17.52,480849,20.40
23:13:09,17.52,480896,20.73
23:13:12,17.51,480942,20.37
23:13:15,17.51,480989,20.66
23:13:18,17.51,481036,20.97
23:13:21,17.50,481082,20.02
23:13:24,17.50,481129,20.38
23:13:27,17.50,481176,20.73
23:13:30,17.49,481222,20.27
23:13:33,17.49,481269,20.60
23:13:36,17.49,481316,20.92
23:13:39,17.48,481362,20.17
23:13:42,17.48,481409,20.51
23:13:45,17.48,481456,20.84
23:13:48,17.47,481502,20.07
23:13:51,17.47,481549,20.43
23:13:54,17.47,481596,20.76
23:13:57,17.46,481642,20.30
23:14:00,17.46,481689,20.63
23:14:03,17.46,481736,20.95
23:14:06,17.45,481782,20.11
23:14:09,17.45,481829,20.47
23:14:12,17.45,481876,20.80
23:14:15,17.44,481922,20.24
23:14:18,17.44,481969,20.59
23:14:21,17.44,482016,20.91
23:14:24,17.43,482062,20.16
23:14:27,17.43,482109,20.50
23:14:30,17.43,482156,20.83
23:14:33,17.42,482202,20.06
23:14:36,17.42,482249,20.42
23:14:39,17.42,482296,20.75
23:14:42,17.41,482342,20.29
23:14:45,17.41,482389,20.62
23:14:48,17.41,482436,20.94
23:14:51,17.40,482482,20.14
23:14:54,17.40,482529,20.48
23:14:57,17.40,482576,20.81
23:15:00,17.39,482622,20.04
23:15:03,17.39,482669,20.40
23:15:06,17.39,482716,20.73
23:15:09,17.38,482762,20.37
23:15:12,17.38,482809,20.66
23:15:15,17.38,482856,20.97
23:15:18,17.37,482902,20.02
23:15:21,17.37,482949,20.38
23:15:24,17.37,482996,20.73
23:15:27,17.36,483042,20.27
23:15:30,17.36,483089,20.60
23:15:33,17.36,483136,20.92
23:15:36,17.35,483182,20.17
23:15:39,17.35,483229,20.51
23:15:42,17.35,483276,20.84
23:15:45,17.34,483322,20.07
23:15:48,17.34,483369,20.43
23:15:51,17.34,483416,20.76
23:15:54,17.33,483462,20.30
23:15:57,17.33,483509,20.63
23:16:00,17.33,483556,20.95
23:16:03,17.32,483602,20.11
23:16:06,17.32,483649,20.47
23:16:09,17.32,483696,20.80
23:16:12,17.31,483742,20.24
23:16:15,17.31,483789,20.59
23:16:18,17.31,483836,20.91
23:16:21,17.30,483882,20.16
23:16:24,17.30,483929,20.50
23:16:27,17.30,483976,20.83
23:16:30,17.29,484022,20.06
23:16:33,17.29,484069,20.42
23:16:36,17.29,484116,20.75
23:16:39,17.28,484162,20.29
23:16:42,17.28,484209,20.62
23:16:45,17.28,484256,20.94
23:16:48,17.27,484302,20.14
23:16:51,17.27,484349,20.48
23:16:54,17.27,484396,20.81
23:16:57,17.26,484442,20.04
23:17:00,17.26,484489,20.40
23:17:03,17.26,484536,20.73
23:17:06,17.25,484582,20.37
23:17:09,17.25,484629,20.66
23:17:12,17.25,484676,20.97
23:17:15,17.24,484722,20.02
23:17:18,17.24,484769,20.38
23:17:21,17.24,484816,20.73
23:17:24,17.23,484862,20.27
23:17:27,17.23,484909,20.60
23:17:30,17.23,484956,20.92
23:17:33,17.22,485002,20.17
23:17:36,17.22,485049,20.51
23:17:39,17.22,485096,20.84
23:17:42,17.21,485142,20.07
23:17:45,17.21,485189,20.43
23:17:48,17.21,485236,20.76
23:17:51,17.20,485282,20.30
23:17:54,17.20,485329,20.63
23:17:57,17.20,485376,20.95
23:18:00,17.19,485422,20.11
23:18:03,17.19,485469,20.47
23:18:06,17.19,485516,20.80
23:18:09,17.18,485562,20.24
23:18:12,17.18,485609,20.59
23:18:15,17.18,485656,20.91
23:18:18,17.17,485702,20.16
23:18:21,17.17,485749,20.50
23:18:24,17.17,485796,20.83
23:18:27,17.16,485842,20.06
23:18:30,17.16,485889,20.42
23:18:33,17.16,485936,20.75
23:18:36,17.15,485982,20.29
23:18:39,17.15,486029,20.62
23:18:42,17.15,486076,20.94
23:18:45,17.14,486122,20.14
23:18:48,17.14,486169,20.48
23:18:51,17.14,486216,20.81
23:18:54,17.13,486262,20.04
23:18:57,17.13,486309,20.40
23:19:00,17.13,486356,20.73
23:19:03,17.12,486402,20.37
23:19:06,17.12,486449,20.66
23:19:09,17.12,486496,20.97
23:19:12,17.11,486542,20.02
23:19:15,17.11,486589,20.38
23:19:18,17.11,486636,20.73
23:19:21,17.10,486682,20.27
23:19:24,17.10,486729,20.60
23:19:27,17.10,486776,20.92
23:19:30,17.09,486822,20.17
23:19:33,17.09,486869,20.51
23:19:36,17.09,486916,20.84
23:19:39,17.08,486962,20.07
23:19:42,17.08,487009,20.43
23:19:45,17.08,487056,20.76
23:19:48,17.07,487102,20.30
23:19:51,17.07,487149,20.63
23:19:54,17.07,487196,20.95
23:19:57,17.06,487242,20.11
23:20:00,17.06,487289,20.47
23:20:03,17.06,487336,20.80
23:20:06,17.05,487382,20.24
23:20:09,17.05,487429,20.59
23:20:12,17.05,487476,20.91
23:20:15,17.04,487522,20.16
23:20:18,17.04,487569,20.50
23:20:21,17.04,487616,20.83
23:20:24,17.03,487662,20.06
23:20:27,17.03,487709,20.42
23:20:30,17.03,487756,20.75
23:20:33,17.02,487802,20.29
23:20:36,17.02,487849,20.62
23:20:39,17.02,487896,20.94
23:20:42,17.01,487942,20.14
23:20:45,17.01,487989,20.48
23:20:48,17.01,488036,20.81
23:20:51,17.02,488082,20.04
23:20:54,17.02,488129,20.40
23:20:57,17.02,488176,20.73
23:21:00,17.03,488222,20.37
23:21:03,17.03,488269,20.66
23:21:06,17.03,488316,20.97
23:21:09,17.04,488362,20.02
23:21:12,17.04,488409,20.38
23:21:15,17.04,488456,20.73
23:21:18,17.05,488502,20.27
23:21:21,17.05,488549,20.60
23:21:24,17.05,488596,20.92
23:21:27,17.06,488642,20.17
23:21:30,17.06,488689,20.51
23:21:33,17.06,488736,20.84
23:21:36,17.07,488782,20.07
23:21:39,17.07,488829,20.43
23:21:42,17.07,488876,20.76
23:21:45,17.08,488922,20.30
23:21:48,17.08,488969,20.63
23:21:51,17.08,489016,20.95
23:21:54,17.09,489062,20.11
23:21:57,17.09,489109,20.47
23:22:00,17.09,489156,20.80
23:22:03,17.10,489202,20.24
23:22:06,17.10,489249,20.59
23:22:09,17.10,489296,20.91
23:22:12,17.11,489342,20.16
23:22:15,17.11,489389,20.50
23:22:18,17.11,489436,20.83
23:22:21,17.12,489482,20.06
23:22:24,17.12,489529,20.42
23:22:27,17.12,489576,20.75
23:22:30,17.13,489622,20.29
23:22:33,17.13,489669,20.62
23:22:36,17.13,489716,20.94
23:22:39,17.14,489762,20.14
23:22:42,17.14,489809,20.48
23:22:45,17.14,489856,20.81
23:22:48,17.15,489902,20.04
23:22:51,17.15,489949,20.40
23:22:54,17.15,489996,20.73
23:22:57,17.16,490042,20.37
23:23:00,17.16,490089,20.66
23:23:03,17.16,490136,20.97
23:23:06,17.17,490182,20.02
23:23:09,17.17,490229,20.38
23:23:12,17.17,490276,20.73
23:23:15,17.18,490322,20.27
23:23:18,17.18,490369,20.60
23:23:21,17.18,490416,20.92
23:23:24,17.19,490462,20.17
23:23:27,17.19,490509,20.51
23:23:30,17.19,490556,20.84
23:23:33,17.20,490602,20.07
23:23:36,17.20,490649,20.43
23:23:39,17.20,490696,20.76
23:23:42,17.21,490742,20.30
23:23:45,17.21,490789,20.63
23:23:48,17.21,490836,20.95
23:23:51,17.22,490882,20.11
23:23:54,17.22,490929,20.47
23:23:57,17.22,490976,20.80
23:24:00,17.23,491022,20.24
23:24:03,17.23,491069,20.59
23:24:06,17.23,491116,20.91
23:24:09,17.24,491162,20.16
23:24:12,17.24,491209,20.50
23:24:15,17.24,491256,20.83
23:24:18,17.25,491302,20.06
23:24:21,17.25,491349,20.42
23:24:24,17.25,491396,20.75
23:24:27,17.26,491442,20.29
23:24:30,17.26,491489,20.62
23:24:33,17.26,491536,20.94
23:24:36,17.27,491582,20.14
23:24:39,17.27,491629,20.48
23:24:42,17.27,491676,20.81
23:24:45,17.28,491722,20.04
23:24:48,17.28,491769,20.40
23:24:51,17.28,491816,20.73
23:24:54,17.29,491862,20.37
23:24:57,17.29,491909,20.66
23:25:00,17.29,491956,20.97
23:25:03,17.30,492002,20.02
23:25:06,17.30,492049,20.38
23:25:09,17.30,492096,20.73
23:25:12,17.31,492142,20.27
23:25:15,17.31,492189,20.60
23:25:18,17.31,492236,20.92
23:25:21,17.32,492282,20.17
23:25:24,17.32,492329,20.51
23:25:27,17.32,492376,20.84
23:25:30,17.33,492422,20.07
23:25:33,17.33,492469,20.43
23:25:36,17.33,492516,20.76
23:25:39,17.34,492562,20.30
23:25:42,17.34,492609,20.63
23:25:45,17.34,492656,20.95
23:25:48,17.35,492702,20.11
23:25:51,17.35,492749,20.47
23:25:54,17.35,492796,20.80
23:25:57,17.36,492842,20.24
23:26:00,17.36,492889,20.59
23:26:03,17.36,492936,20.91
23:26:06,17.37,492982,20.16
23:26:09,17.37,493029,20.50
23:26:12,17.37,493076,20.83
23:26:15,17.38,493122,20.06
23:26:18,17.38,493169,20.42
23:26:21,17.38,493216,20.75
23:26:24,17.39,493262,20.29
23:26:27,17.39,493309,20.62
23:26:30,17.39,493356,20.94
23:26:33,17.40,493402,20.14
23:26:36,17.40,493449,20.48
23:26:39,17.40,493496,20.81
23:26:42,17.41,493542,20.04
23:26:45,17.41,493589,20.40
23:26:48,17.41,493636,20.73
23:26:51,17.42,493682,20.37
23:26:54,17.42,493729,20.66
23:26:57,17.42,493776,20.97
23:27:00,17.43,493822,20.02
23:27:03,17.43,493869,20.38
23:27:06,17.43,493916,20.73
23:27:09,17.44,493962,20.27
23:27:12,17.44,494009,20.60
23:27:15,17.44,494056,20.92
23:27:18,17.45,494102,20.17
23:27:21,17.45,494149,20.51
23:27:24,17.45,494196,20.84
23:27:27,17.46,494242,20.07
23:27:30,17.46,494289,20.43
23:27:33,17.46,494336,20.76
23:27:36,17.47,494382,20.30
23:27:39,17.47,494429,20.63
23:27:42,17.47,494476,20.95
23:27:45,17.48,494522,20.11
23:27:48,17.48,494569,20.47
23:27:51,17.48,494616,20.80
23:27:54,17.49,494662,20.24
23:27:57,17.49,494709,20.59
23:28:00,17.49,494756,20.91
23:28:03,17.50,494802,20.16
23:28:06,17.50,494849,20.50
23:28:09,17.50,494896,20.83
23:28:12,17.51,494942,20.06
23:28:15,17.51,494989,20.42
23:28:18,17.51,495036,20.75
23:28:21,17.52,495082,20.29
23:28:24,17.52,495129,20.62
23:28:27,17.52,495176,20.94
23:28:30,17.53,495222,20.14
23:28:33,17.53,495269,20.48
23:28:36,17.53,495316,20.81
23:28:39,17.54,495362,20.04
23:28:42,17.54,495409,20.40
23:28:45,17.54,495456,20.73
23:28:48,17.55,495502,20.37
23:28:51,17.55,495549,20.66
23:28:54,17.55,495596,20.97
23:28:57,17.56,495642,20.02
23:29:00,17.56,495689,20.38
23:29:03,17.56,495736,20.73
23:29:06,17.57,495782,20.27
23:29:09,17.57,495829,20.60
23:29:12,17.57,495876,20.92
23:29:15,17.58,495922,20.17
23:29:18,17.58,495969,20.51
23:29:21,17.58,496016,20.84
23:29:24,17.59,496062,20.07
23:29:27,17.59,496109,20.43
23:29:30,17.59,496156,20.76
23:29:33,17.58,496202,20.30
23:29:36,17.58,496249,20.63
23:29:39,17.58,496296,20.95
23:29:42,17.57,496342,20.11
23:29:45,17.57,496389,20.47
23:29:48,17.57,496436,20.80
23:29:51,17.56,496482,20.24
23:29:54,17.56,496529,20.59
23:29:57,17.56,496576,20.91
23:30:00,17.55,496622,20.16
23:30:03,17.55,496669,20.50
23:30:06,17.55,496716,20.83
23:30:09,17.54,496762,20.06
23:30:12,17.54,496809,20.42
23:30:15,17.54,496856,20.75
23:30:18,17.53,496902,20.29
23:30:21,17.53,496949,20.62
23:30:24,17.53,496996,20.94
23:30:27,17.52,497042,20.14
23:30:30,17.52,497089,20.48
23:30:33,17.52,497136,20.81
23:30:36,17.51,497182,20.04
23:30:39,17.51,497229,20.40
23:30:42,17.51,497276,20.73
23:30:45,17.50,497322,20.37
23:30:48,17.50,497369,20.66
23:30:51,17.50,497416,20.97
23:30:54,17.49,497462,20.02
23:30:57,17.49,497509,20.38
23:31:00,17.49,497556,20.73
23:31:03,17.48,497602,20.27
23:31:06,17.48,497649,20.60
23:31:09,17.48,497696,20.92
23:31:12,17.47,497742,20.17
23:31:15,17.47,497789,20.51
23:31:18,17.47,497836,20.84
23:31:21,17.46,497882,20.07
23:31:24,17.46,497929,20.43
23:31:27,17.46,497976,20.76
23:31:30,17.45,498022,20.30
23:31:33,17.45,498069,20.63
23:31:36,17.45,498116,20.95
23:31:39,17.44,498162,20.11
23:31:42,17.44,498209,20.47
23:31:45,17.44,498256,20.80
23:31:48,17.43,498302,20.24
23:31:51,17.43,498349,20.59
23:31:54,17.43,498396,20.91
23:31:57,17.42,498442,20.16
23:32:00,17.42,498489,20.50
23:32:03,17.42,498536,20.83
23:32:06,17.41,498582,20.06
23:32:09,17.41,498629,20.42
23:32:12,17.41,498676,20.75
23:32:15,17.40,498722,20.29
23:32:18,17.40,498769,20.62
23:32:21,17.40,498816,20.94
23:32:24,17.39,498862,20.14
23:32:27,17.39,498909,20.48
23:32:30,17.39,498956,20.81
23:32:33,17.38,499002,20.04
23:32:36,17.38,499049,20.40
23:32:39,17.38,499096,20.73
23:32:42,17.37,499142,20.37
23:32:45,17.37,499189,20.66
23:32:48,17.37,499236,20.97
23:32:51,17.36,499282,20.02
23:32:54,17.36,499329,20.38
23:32:57,17.36,499376,20.73
23:33:00,17.35,499422,20.27
23:33:03,17.35,499469,20.60
23:33:06,17.35,499516,20.92
23:33:09,17.34,499562,20.17
23:33:12,17.34,499609,20.51
23:33:15,17.34,499656,20.84
23:33:18,17.33,499702,20.07
23:33:19,17.33,499749,20.43
23:33:22,17.33,499796,20.76
23:33:25,17.32,499842,20.30
23:33:28,17.32,499889,20.63
23:33:31,17.32,499936,20.95
23:33:34,17.31,499982,20.11
23:33:37,17.31,500029,20.47
23:33:40,17.31,500076,20.80
23:33:43,17.30,500122,20.24
23:33:46,17.30,500169,20.59
23:33:49,17.30,500216,20.91
23:33:52,17.29,500262,20.16
23:33:55,17.29,500309,20.50
23:33:58,17.29,500356,20.83
23:34:01,17.28,500402,20.06
23:34:04,17.28,500449,20.42
23:34:07,17.28,500496,20.75
23:34:10,17.27,500542,20.29
23:34:13,17.27,500589,20.62
23:34:16,17.27,500636,20.94
23:34:19,17.26,500682,20.14
23:34:22,17.26,500729,20.48
23:34:25,17.26,500776,20.81
23:34:28,17.25,500822,20.04
23:34:31,17.25,500869,20.40
23:34:34,17.25,500916,20.73
23:34:37,17.24,500962,20.37
23:34:40,17.24,501009,20.66
23:34:43,17.24,501056,20.97
23:34:46,17.23,501102,20.02
23:34:49,17.23,501149,20.38
23:34:52,17.23,501196,20.73
23:34:55,17.22,501242,20.27
23:34:58,17.22,501289,20.60
23:35:01,17.22,501336,20.92
23:35:04,17.21,501382,20.17
23:35:07,17.21,501429,20.51
23:35:10,17.21,501476,20.84
23:35:13,17.20,501522,20.07
23:35:16,17.20,501569,20.43
23:35:19,17.20,501616,20.76
23:35:22,17.19,501662,20.30
23:35:25,17.19,501709,20.63
23:35:28,17.19,501756,20.95
23:35:31,17.18,501802,20.11
23:35:34,17.18,501849,20.47
23:35:37,17.18,501896,20.80
23:35:40,17.17,501942,20.24
23:35:43,17.17,501989,20.59
23:35:46,17.17,502036,20.91
23:35:49,17.16,502082,20.16
23:35:52,17.16,502129,20.50
23:35:55,17.16,502176,20.83
23:35:58,17.15,502222,20.06
23:36:01,17.15,502269,20.42
23:36:04,17.15,502316,20.75
23:36:07,17.14,502362,20.29
23:36:10,17.14,502409,20.62
23:36:13,17.14,502456,20.94
23:36:16,17.13,502502,20.14
23:36:19,17.13,502549,20.48
23:36:22,17.13,502596,20.81
23:36:25,17.12,502642,20.04
23:36:28,17.12,502689,20.40
23:36:31,17.12,502736,20.73
23:36:34,17.11,502782,20.37
23:36:37,17.11,502829,20.66
23:36:40,17.11,502876,20.97
23:36:43,17.10,502922,20.02
23:36:46,17.10,502969,20.38
23:36:49,17.10,503016,20.73
23:36:52,17.09,503062,20.27
23:36:55,17.09,503109,20.60
23:36:58,17.09,503156,20.92
23:37:01,17.08,503202,20.17
23:37:04,17.08,503249,20.51
23:37:07,17.08,503296,20.84
23:37:10,17.07,503342,20.07
23:37:13,17.07,503389,20.43
23:37:16,17.07,503436,20.76
23:37:19,17.06,503482,20.30
23:37:22,17.06,503529,20.63
23:37:25,17.06,503576,20.95
23:37:28,17.05,503622,20.11
23:37:31,17.05,503669,20.47
23:37:34,17.05,503716,20.80
23:37:37,17.04,503762,20.24
23:37:40,17.04,503809,20.59
23:37:43,17.04,503856,20.91
23:37:46,17.03,503902,20.16
23:37:49,17.03,503949,20.50
23:37:52,17.03,503996,20.83
23:37:55,17.02,504042,20.06
23:37:58,17.02,504089,20.42
23:38:01,17.02,504136,20.75
23:38:04,17.01,504182,20.29
23:38:07,17.01,504229,20.62
23:38:10,17.01,504276,20.94
23:38:13,17.02,504322,20.14
23:38:16,17.02,504369,20.48
23:38:19,17.02,504416,20.81
23:38:22,17.03,504462,20.04
23:38:25,17.03,504509,20.40
23:38:28,17.03,504556,20.73
23:38:31,17.04,504602,20.37
23:38:34,17.04,504649,20.66
23:38:37,17.04,504696,20.97
23:38:40,17.05,504742,20.02
23:38:43,17.05,504789,20.38
23:38:46,17.05,504836,20.73
23:38:49,17.06,504882,20.27
23:38:52,17.06,504929,20.60
23:38:55,17.06,504976,20.92
23:38:58,17.07,505022,20.17
23:39:01,17.07,505069,20.51
23:39:04,17.07,505116,20.84
23:39:07,17.08,505162,20.07
23:39:10,17.08,505209,20.43
23:39:13,17.08,505256,20.76
23:39:16,17.09,505302,20.30
23:39:19,17.09,505349,20.63
23:39:22,17.09,505396,20.95
23:39:25,17.10,505442,20.11
23:39:28,17.10,505489,20.47
23:39:31,17.10,505536,20.80
23:39:34,17.11,505582,20.24
23:39:37,17.11,505629,20.59
23:39:40,17.11,505676,20.91
23:39:43,17.12,505722,20.16
23:39:46,17.12,505769,20.50
23:39:49,17.12,505816,20.83
23:39:52,17.13,505862,20.06
23:39:55,17.13,505909,20.42
23:39:58,17.13,505956,20.75
23:40:01,17.14,506002,20.29
23:40:04,17.14,506049,20.62
23:40:07,17.14,506096,20.94
23:40:10,17.15,506142,20.14
23:40:13,17.15,506189,20.48
23:40:16,17.15,506236,20.81
23:40:19,17.16,506282,20.04
23:40:22,17.16,506329,20.40
23:40:25,17.16,506376,20.73
23:40:28,17.17,506422,20.37
23:40:31,17.17,506469,20.66
23:40:34,17.17,506516,20.97
23:40:37,17.18,506562,20.02
23:40:40,17.18,506609,20.38
23:40:43,17.18,506656,20.73
23:40:46,17.19,506702,20.27
23:40:49,17.19,506749,20.60
23:40:52,17.19,506796,20.92
23:40:55,17.20,506842,20.17
23:40:58,17.20,506889,20.51
23:41:01,17.20,506936,20.84
23:41:04,17.21,506982,20.07
23:41:07,17.21,507029,20.43
23:41:10,17.21,507076,20.76
23:41:13,17.22,507122,20.30
23:41:16,17.22,507169,20.63
23:41:19,17.22,507216,20.95
23:41:22,17.23,507262,20.11
23:41:25,17.23,507309,20.47
23:41:28,17.23,507356,20.80
23:41:31,17.24,507402,20.24
23:41:34,17.24,507449,20.59
23:41:37,17.24,507496,20.91
23:41:40,17.25,507542,20.16
23:41:43,17.25,507589,20.50
23:41:46,17.25,507636,20.83
23:41:49,17.26,507682,20.06
23:41:52,17.26,507729,20.42
23:41:55,17.26,507776,20.75
23:41:58,17.27,507822,20.29
23:42:01,17.27,507869,20.62
23:42:04,17.27,507916,20.94
23:42:07,17.28,507962,20.14
23:42:10,17.28,508009,20.48
23:42:13,17.28,508056,20.81
23:42:16,17.29,508102,20.04
23:42:19,17.29,508149,20.40
23:42:22,17.29,508196,20.73
23:42:25,17.30,508242,20.37
23:42:28,17.30,508289,20.66
23:42:31,17.30,508336,20.97
23:42:34,17.31,508382,20.02
23:42:37,17.31,508429,20.38
23:42:40,17.31,508476,20.73
23:42:43,17.32,508522,20.27
23:42:46,17.32,508569,20.60
23:42:49,17.32,508616,20.92
23:42:52,17.33,508662,20.17
23:42:55,17.33,508709,20.51
23:42:58,17.33,508756,20.84
23:43:01,17.34,508802,20.07
23:43:04,17.34,508849,20.43
23:43:07,17.34,508896,20.76
23:43:10,17.35,508942,20.30
23:43:13,17.35,508989,20.63
23:43:16,17.35,509036,20.95
23:43:19,17.36,509082,20.11
23:43:22,17.36,509129,20.47
23:43:25,17.36,509176,20.80
23:43:28,17.37,509222,20.24
23:43:31,17.37,509269,20.59
23:43:34,17.37,509316,20.91
23:43:37,17.38,509362,20.16
23:43:40,17.38,509409,20.50
23:43:43,17.38,509456,20.83
23:43:46,17.39,509502,20.06
23:43:49,17.39,509549,20.42
23:43:52,17.39,509596,20.75
23:43:55,17.40,509642,20.29
23:43:58,17.40,509689,20.62
23:44:01,17.40,509736,20.94
23:44:04,17.41,509782,20.14
23:44:07,17.41,509829,20.48
23:44:10,17.41,509876,20.81
23:44:13,17.42,509922,20.04
23:44:16,17.42,509969,20.40
23:44:19,17.42,510016,20.73
23:44:22,17.43,510062,20.37
23:44:25,17.43,510109,20.66
23:44:28,17.43,510156,20.97
23:44:31,17.44,510202,20.02
23:44:34,17.44,510249,20.38
23:44:37,17.44,510296,20.73
23:44:40,17.45,510342,20.27
23:44:43,17.45,510389,20.60
23:44:46,17.45,510436,20.92
23:44:49,17.46,510482,20.17
23:44:52,17.46,510529,20.51
23:44:55,17.46,510576,20.84
23:44:58,17.47,510622,20.07
23:45:01,17.47,510669,20.43
23:45:04,17.47,510716,20.76
23:45:07,17.48,510762,20.30
23:45:10,17.48,510809,20.63
23:45:13,17.48,510856,20.95
23:45:16,17.49,510902,20.11
23:45:19,17.49,510949,20.47
23:45:22,17.49,510996,20.80
23:45:25,17.50,511042,20.24
23:45:28,17.50,511089,20.59
23:45:31,17.50,511136,20.91
23:45:34,17.51,511182,20.16
23:45:37,17.51,511229,20.50
23:45:40,17.51,511276,20.83
23:45:43,17.52,511322,20.06
23:45:46,17.52,511369,20.42
23:45:49,17.52,511416,20.75
23:45:52,17.53,511462,20.29
23:45:55,17.53,511509,20.62
23:45:58,17.53,511556,20.94
23:46:01,17.54,511602,20.14
23:46:04,17.54,511649,20.48
23:46:07,17.54,511696,20.81
23:46:10,17.55,511742,20.04
23:46:13,17.55,511789,20.40
23:46:16,17.55,511836,20.73
23:46:19,17.56,511882,20.37
23:46:22,17.56,511929,20.66
23:46:25,17.56,511976,20.97
23:46:28,17.57,512022,20.02
23:46:31,17.57,512069,20.38
23:46:34,17.57,512116,20.73
23:46:37,17.58,512162,20.27
23:46:40,17.58,512209,20.60
23:46:43,17.58,512256,20.92
23:46:46,17.59,512302,20.17
23:46:49,17.59,512349,20.51
23:46:52,17.59,512396,20.84
23:46:55,17.58,512442,20.07
23:46:58,17.58,512489,20.43
23:47:01,17.58,512536,20.76
23:47:04,17.57,512582,20.30
23:47:07,17.57,512629,20.63
23:47:10,17.57,512676,20.95
23:47:13,17.56,512722,20.11
23:47:16,17.56,512769,20.47
23:47:19,17.56,512816,20.80
23:47:22,17.55,512862,20.24
23:47:25,17.55,512909,20.59
23:47:28,17.55,512956,20.91
23:47:31,17.54,513002,20.16
23:47:34,17.54,513049,20.50
23:47:37,17.54,513096,20.83
23:47:40,17.53,513142,20.06
23:47:43,17.53,513189,20.42
23:47:46,17.53,513236,20.75
23:47:49,17.52,513282,20.29
23:47:52,17.52,513329,20.62
23:47:55,17.52,513376,20.94
23:47:58,17.51,513422,20.14
23:48:01,17.51,513469,20.48
23:48:04,17.51,513516,20.81
23:48:07,17.50,513562,20.04
23:48:10,17.50,513609,20.40
23:48:13,17.50,513656,20.73
23:48:16,17.49,513702,20.37
23:48:19,17.49,513749,20.66
23:48:22,17.49,513796,20.97
23:48:25,17.48,513842,20.02
23:48:28,17.48,513889,20.38
23:48:31,17.48,513936,20.73
23:48:34,17.47,513982,20.27
23:48:37,17.47,514029,20.60
23:48:40,17.47,514076,20.92
23:48:43,17.46,514122,20.17
23:48:46,17.46,514169,20.51
23:48:49,17.46,514216,20.84
23:48:52,17.45,514262,20.07
23:48:55,17.45,514309,20.43
23:48:58,17.45,514356,20.76
23:49:01,17.44,514402,20.30
23:49:04,17.44,514449,20.63
23:49:07,17.44,514496,20.95
23:49:10,17.43,514542,20.11
23:49:13,17.43,514589,20.47
23:49:16,17.43,514636,20.80
23:49:19,17.42,514682,20.24
23:49:22,17.42,514729,20.59
23:49:25,17.42,514776,20.91
23:49:28,17.41,514822,20.16
23:49:31,17.41,514869,20.50
23:49:34,17.41,514916,20.83
23:49:37,17.40,514962,20.06
23:49:40,17.40,515009,20.42
23:49:43,17.40,515056,20.75
23:49:46,17.39,515102,20.29
23:49:49,17.39,515149,20.62
23:49:52,17.39,515196,20.94
23:49:55,17.38,515242,20.14
23:49:58,17.38,515289,20.48
23:50:01,17.38,515336,20.81
23:50:04,17.37,515382,20.04
23:50:07,17.37,515429,20.40
23:50:10,17.37,515476,20.73
23:50:13,17.36,515522,20.37
23:50:16,17.36,515569,20.66
23:50:19,17.36,515616,20.97
23:50:22,17.35,515662,20.02
23:50:25,17.35,515709,20.38
23:50:28,17.35,515756,20.73
23:50:31,17.34,515802,20.27
23:50:34,17.34,515849,20.60
23:50:37,17.34,515896,20.92
23:50:40,17.33,515942,20.17
23:50:43,17.33,515989,20.51
23:50:46,17.33,516036,20.84
23:50:49,17.32,516082,20.07
23:50:52,17.32,516129,20.43
23:50:55,17.32,516176,20.76
23:50:58,17.31,516222,20.30
23:51:01,17.31,516269,20.63
23:51:04,17.31,516316,20.95
23:51:07,17.30,516362,20.11
23:51:10,17.30,516409,20.47
23:51:13,17.30,516456,20.80
23:51:16,17.29,516502,20.24
23:51:19,17.29,516549,20.59
23:51:22,17.29,516596,20.91
23:51:25,17.28,516642,20.16
23:51:28,17.28,516689,20.50
23:51:31,17.28,516736,20.83
23:51:34,17.27,516782,20.06
23:51:37,17.27,516829,20.42
23:51:40,17.27,516876,20.75
23:51:43,17.26,516922,20.29
23:51:46,17.26,516969,20.62
23:51:49,17.26,517016,20.94
23:51:52,17.25,517062,20.14
23:51:55,17.25,517109,20.48
23:51:58,17.25,517156,20.81
23:52:01,17.24,517202,20.04
23:52:04,17.24,517249,20.40
23:52:07,17.24,517296,20.73
23:52:10,17.23,517342,20.37
23:52:13,17.23,517389,20.66
23:52:16,17.23,517436,20.97
23:52:19,17.22,517482,20.02
23:52:22,17.22,517529,20.38
23:52:25,17.22,517576,20.73
23:52:28,17.21,517622,20.27
23:52:31,17.21,517669,20.60
23:52:34,17.21,517716,20.92
23:52:37,17.20,517762,20.17
23:52:40,17.20,517809,20.51
23:52:43,17.20,517856,20.84
23:52:46,17.19,517902,20.07
23:52:49,17.19,517949,20.43
23:52:52,17.19,517996,20.76
23:52:55,17.18,518042,20.30
23:52:58,17.18,518089,20.63
23:53:01,17.18,518136,20.95
23:53:04,17.17,518182,20.11
23:53:07,17.17,518229,20.47
23:53:10,17.17,518276,20.80
23:53:13,17.16,518322,20.24
23:53:16,17.16,518369,20.59
23:53:19,17.16,518416,20.91
23:53:22,17.15,518462,20.16
23:53:25,17.15,518509,20.50
23:53:28,17.15,518556,20.83
23:53:31,17.14,518602,20.06
23:53:34,17.14,518649,20.42
23:35:37,17.14,518696,20.75
23:35:40,17.13,518742,20.29
23:35:43,17.13,518789,20.62
23:35:46,17.13,518836,20.94
23:35:49,17.12,518882,20.14
23:35:52,17.12,518929,20.48
23:35:55,17.12,518976,20.81
23:35:58,17.11,519022,20.04
23:36:01,17.11,519069,20.40
23:36:04,17.11,519116,20.73
23:36:07,17.10,519162,20.37
23:36:10,17.10,519209,20.66
23:36:13,17.10,519256,20.97
23:36:16,17.09,519302,20.02
23:36:19,17.09,519349,20.38
23:36:22,17.09,519396,20.73
23:36:25,17.08,519442,20.27
23:36:28,17.08,519489,20.60
23:36:31,17.08,519536,20.92
23:36:34,17.07,519582,20.17
23:36:37,17.07,519629,20.51
23:36:40,17.07,519676,20.84
23:36:43,17.06,519722,20.07
23:36:46,17.06,519769,20.43
23:36:49,17.06,519816,20.76
23:36:52,17.05,519862,20.30
23:36:55,17.05,519909,20.63
23:36:58,17.05,519956,20.95
23:37:01,17.04,520002,20.11
23:37:04,17.04,520049,20.47
23:37:07,17.04,520096,20.80
23:37:10,17.03,520142,20.24
23:37:13,17.03,520189,20.59
23:37:16,17.03,520236,20.91
23:37:19,17.02,520282,20.16
23:37:22,17.02,520329,20.50
23:37:25,17.02,520376,20.83
23:37:28,17.01,520422,20.06
23:37:31,17.01,520469,20.42
23:37:34,17.01,520516,20.75
23:37:37,17.02,520562,20.29
23:37:40,17.02,520609,20.62
23:37:43,17.02,520656,20.94
23:37:46,17.03,520702,20.14
23:37:49,17.03,520749,20.48
23:37:52,17.03,520796,20.81
23:37:55,17.04,520842,20.04
23:37:58,17.04,520889,20.40
23:38:01,17.04,520936,20.73
23:38:04,17.05,520982,20.37
23:38:07,17.05,521029,20.66
23:38:10,17.05,521076,20.97
23:38:13,17.06,521122,20.02
23:38:16,17.06,521169,20.38
23:38:19,17.06,521216,20.73
23:38:22,17.07,521262,20.27
23:38:25,17.07,521309,20.60
23:38:28,17.07,521356,20.92
23:38:31,17.08,521402,20.17
23:38:34,17.08,521449,20.51
23:38:37,17.08,521496,20.84
23:38:40,17.09,521542,20.07
23:38:43,17.09,521589,20.43
23:38:46,17.09,521636,20.76
23:38:49,17.10,521682,20.30
23:38:52,17.10,521729,20.63
23:38:55,17.10,521776,20.95
23:38:58,17.11,521822,20.11
23:39:01,17.11,521869,20.47
23:39:04,17.11,521916,20.80
23:39:07,17.12,521962,20.24
23:39:10,17.12,522009,20.59
23:39:13,17.12,522056,20.91
23:39:16,17.13,522102,20.16
23:39:19,17.13,522149,20.50
23:39:22,17.13,522196,20.83
23:39:25,17.14,522242,20.06
23:39:28,17.14,522289,20.42
23:39:31,17.14,522336,20.75
23:39:34,17.15,522382,20.29
23:39:37,17.15,522429,20.62
23:39:40,17.15,522476,20.94
23:39:43,17.16,522522,20.14
23:39:46,17.16,522569,20.48
23:39:49,17.16,522616,20.81
23:39:52,17.17,522662,20.04
23:39:55,17.17,522709,20.40
23:39:58,17.17,522756,20.73
23:40:01,17.18,522802,20.37
23:40:04,17.18,522849,20.66
23:40:07,17.18,522896,20.97
23:40:10,17.19,522942,20.02
23:40:13,17.19,522989,20.38
23:40:16,17.19,523036,20.73
23:40:19,17.20,523082,20.27
23:40:22,17.20,523129,20.60
23:40:25,17.20,523176,20.92
23:40:28,17.21,523222,20.17
23:40:31,17.21,523269,20.51
23:40:34,17.21,523316,20.84
23:40:37,17.22,523362,20.07
23:40:40,17.22,523409,20.43
23:40:43,17.22,523456,20.76
23:40:46,17.23,523502,20.30
23:40:49,17.23,523549,20.63
23:40:52,17.23,523596,20.95
23:40:55,17.24,523642,20.11
23:40:58,17.24,523689,20.47
23:41:01,17.24,523736,20.80
23:41:04,17.25,523782,20.24
23:41:07,17.25,523829,20.59
23:41:10,17.25,523876,20.91
23:41:13,17.26,523922,20.16
23:41:16,17.26,523969,20.50
23:41:19,17.26,524016,20.83
23:41:22,17.27,524062,20.06
23:41:25,17.27,524109,20.42
23:41:28,17.27,524156,20.75
23:41:31,17.28,524202,20.29
23:41:34,17.28,524249,20.62
23:41:37,17.28,524296,20.94
23:41:40,17.29,524342,20.14
23:41:43,17.29,524389,20.48
23:41:46,17.29,524436,20.81
23:41:49,17.30,524482,20.04
23:41:52,17.30,524529,20.40
23:41:55,17.30,524576,20.73
23:41:58,17.31,524622,20.37
23:42:01,17.31,524669,20.66
23:42:04,17.31,524716,20.97
23:42:07,17.32,524762,20.02
23:42:10,17.32,524809,20.38
23:42:13,17.32,524856,20.73
23:42:16,17.33,524902,20.27
23:42:19,17.33,524949,20.60
23:42:22,17.33,524996,20.92
23:42:25,17.34,525042,20.17
23:42:28,17.34,525089,20.51
23:42:31,17.34,525136,20.84
23:42:34,17.35,525182,20.07
23:42:37,17.35,525229,20.43
23:42:40,17.35,525276,20.76
23:42:43,17.36,525322,20.30
23:42:46,17.36,525369,20.63
23:42:49,17.36,525416,20.95
23:42:52,17.37,525462,20.11
23:42:55,17.37,525509,20.47
23:42:58,17.37,525556,20.80
23:43:01,17.38,525602,20.24
23:43:04,17.38,525649,20.59
23:43:07,17.38,525696,20.91
23:43:10,17.39,525742,20.16
23:43:13,17.39,525789,20.50
23:43:16,17.39,525836,20.83
23:43:19,17.40,525882,20.06
23:43:22,17.40,525929,20.42
23:43:25,17.40,525976,20.75
23:43:28,17.41,526022,20.29
23:43:31,17.41,526069,20.62
23:43:34,17.41,526116,20.94
23:43:37,17.42,526162,20.14
23:43:40,17.42,526209,20.48
23:43:43,17.42,526256,20.81
23:43:46,17.43,526302,20.04
23:43:49,17.43,526349,20.40
23:43:52,17.43,526396,20.73
23:43:55,17.44,526442,20.37
23:43:58,17.44,526489,20.66
23:44:01,17.44,526536,20.97
23:44:04,17.45,526582,20.02
23:44:07,17.45,526629,20.38
23:44:10,17.45,526676,20.73
23:44:13,17.46,526722,20.27
23:44:16,17.46,526769,20.60
23:44:19,17.46,526816,20.92
23:44:22,17.47,526862,20.17
23:44:25,17.47,526909,20.51
23:44:28,17.47,526956,20.84
23:44:31,17.48,527002,20.07
23:44:34,17.48,527049,20.43
23:44:37,17.48,527096,20.76
23:44:40,17.49,527142,20.30
23:44:43,17.49,527189,20.63
23:44:46,17.49,527236,20.95
23:44:49,17.50,527282,20.11
23:44:52,17.50,527329,20.47
23:44:55,17.50,527376,20.80
23:44:58,17.51,527422,20.24
23:45:01,17.51,527469,20.59
23:45:04,17.51,527516,20.91
23:45:07,17.52,527562,20.16
23:45:10,17.52,527609,20.50
23:45:13,17.52,527656,20.83
23:45:16,17.53,527702,20.06
23:45:19,17.53,527749,20.42
23:45:22,17.53,527796,20.75
23:45:25,17.54,527842,20.29
23:45:28,17.54,527889,20.62
23:45:31,17.54,527936,20.94
23:45:34,17.55,527982,20.14
23:45:37,17.55,528029,20.48
23:45:40,17.55,528076,20.81
23:45:43,17.56,528122,20.04
23:45:46,17.56,528169,20.40
23:45:49,17.56,528216,20.73
23:45:52,17.57,528262,20.37
23:45:55,17.57,528309,20.66
23:45:58,17.57,528356,20.97
23:46:01,17.58,528402,20.02
23:46:04,17.58,528449,20.38
23:46:07,17.58,528496,20.73
23:46:10,17.59,528542,20.27
23:46:13,17.59,528589,20.60
23:46:16,17.59,528636,20.92
23:46:19,17.58,528682,20.17
23:46:22,17.58,528729,20.51
23:46:25,17.58,528776,20.84
23:46:28,17.57,528822,20.07
23:46:31,17.57,528869,20.43
23:46:34,17.57,528916,20.76
23:46:37,17.56,528962,20.30
23:46:40,17.56,529009,20.63
23:46:43,17.56,529056,20.95
23:46:46,17.55,529102,20.11
23:46:49,17.55,529149,20.47
23:46:52,17.55,529196,20.80
23:46:55,17.54,529242,20.24
23:46:58,17.54,529289,20.59
23:47:01,17.54,529336,20.91
23:47:04,17.53,529382,20.16
23:47:07,17.53,529429,20.50
23:47:10,17.53,529476,20.83
23:47:13,17.52,529522,20.06
23:47:16,17.52,529569,20.42
23:47:19,17.52,529616,20.75
23:47:22,17.51,529662,20.29
23:47:25,17.51,529709,20.62
23:47:28,17.51,529756,20.94
23:47:31,17.50,529802,20.14
23:47:34,17.50,529849,20.48
23:47:37,17.50,529896,20.81
23:47:40,17.49,529942,20.04
23:47:43,17.49,529989,20.40
23:47:46,17.49,530036,20.73
23:47:49,17.48,530082,20.37
23:47:52,17.48,530129,20.66
23:47:55,17.48,530176,20.97
23:47:58,17.47,530222,20.02
23:48:01,17.47,530269,20.38
23:48:04,17.47,530316,20.73
23:48:07,17.46,530362,20.27
23:48:10,17.46,530409,20.60
23:48:13,17.46,530456,20.92
23:48:16,17.45,530502,20.17
23:48:19,17.45,530549,20.51
23:48:22,17.45,530596,20.84
23:48:25,17.44,530642,20.07
23:48:28,17.44,530689,20.43
23:48:31,17.44,530736,20.76
23:48:34,17.43,530782,20.30
23:48:37,17.43,530829,20.63
23:48:40,17.43,530876,20.95
23:48:43,17.42,530922,20.11
23:48:46,17.42,530969,20.47
23:48:49,17.42,531016,20.80
23:48:52,17.41,531062,20.24
23:48:55,17.41,531109,20.59
23:48:58,17.41,531156,20.91
23:49:01,17.40,531202,20.16
23:49:04,17.40,531249,20.50
23:49:07,17.40,531296,20.83
23:49:10,17.39,531342,20.06
23:49:13,17.39,531389,20.42
23:49:16,17.39,531436,20.75
23:49:19,17.38,531482,20.29
23:49:22,17.38,531529,20.62
23:49:25,17.38,531576,20.94
23:49:28,17.37,531622,20.14
23:49:31,17.37,531669,20.48
23:49:34,17.37,531716,20.81
23:49:37,17.36,531762,20.04
23:49:40,17.36,531809,20.40
23:49:43,17.36,531856,20.73
23:49:46,17.35,531902,20.37
23:49:49,17.35,531949,20.66
23:49:52,17.35,531996,20.97
23:49:55,17.34,532042,20.02
23:49:58,17.34,532089,20.38
23:50:01,17.34,532136,20.73
23:50:04,17.33,532182,20.27
23:50:07,17.33,532229,20.60
23:50:10,17.33,532276,20.92
23:50:13,17.32,532322,20.17
23:50:16,17.32,532369,20.51
23:50:19,17.32,532416,20.84
23:50:22,17.31,532462,20.07
23:50:25,17.31,532509,20.43
23:50:28,17.31,532556,20.76
23:50:31,17.30,532602,20.30
23:50:34,17.30,532649,20.63
23:50:37,17.30,532696,20.95
23:50:40,17.29,532742,20.11
23:50:43,17.29,532789,20.47
23:50:46,17.29,532836,20.80
23:50:49,17.28,532882,20.24
23:50:52,17.28,532929,20.59
23:50:55,17.28,532976,20.91
23:50:58,17.27,533022,20.16
23:51:01,17.27,533069,20.50
23:51:04,17.27,533116,20.83
23:51:07,17.26,533162,20.06
23:51:10,17.26,533209,20.42
23:51:13,17.26,533256,20.75
23:51:16,17.25,533302,20.29
23:51:19,17.25,533349,20.62
23:51:22,17.25,533396,20.94
23:51:25,17.24,533442,20.14
23:51:28,17.24,533489,20.48
23:51:31,17.24,533536,20.81
23:51:34,17.23,533582,20.04
23:51:37,17.23,533629,20.40
23:51:40,17.23,533676,20.73
23:51:43,17.22,533722,20.37
23:51:46,17.22,533769,20.66
23:51:49,17.22,533816,20.97
23:51:52,17.21,533862,20.02
23:51:55,17.21,533909,20.38
23:51:58,17.21,533956,20.73
23:52:01,17.20,534002,20.27
23:52:04,17.20,534049,20.60
23:52:07,17.20,534096,20.92
23:52:10,17.19,534142,20.17
23:52:13,17.19,534189,20.51
23:52:16,17.19,534236,20.84
23:52:19,17.18,534282,20.07
23:52:22,17.18,534329,20.43
23:52:25,17.18,534376,20.76
23:52:28,17.17,534422,20.30
23:52:31,17.17,534469,20.63
23:52:34,17.17,534516,20.95
23:52:37,17.16,534562,20.11
23:52:40,17.16,534609,20.47
23:52:43,17.16,534656,20.80
23:52:46,17.15,534702,20.24
23:52:49,17.15,534749,20.59
23:52:52,17.15,534796,20.91
23:52:55,17.14,534842,20.16
23:52:58,17.14,534889,20.50
23:53:01,17.14,534936,20.83
23:53:04,17.13,534982,20.06
23:53:07,17.13,535029,20.42
23:53:10,17.13,535076,20.75
23:53:13,17.12,535122,20.29
23:53:16,17.12,535169,20.62
23:53:19,17.12,535216,20.94
23:53:22,17.11,535262,20.14
23:53:25,17.11,535309,20.48
23:53:28,17.11,535356,20.81
23:53:31,17.10,535402,20.04
23:53:34,17.10,535449,20.40
23:53:37,17.10,535496,20.73
23:53:40,17.09,535542,20.37
23:53:43,17.09,535589,20.66
23:53:46,17.09,535636,20.97
23:53:49,17.08,535682,20.02
23:53:52,17.08,535729,20.38
23:53:55,17.08,535776,20.73
23:53:58,17.07,535822,20.27
23:54:01,17.07,535869,20.60
23:54:04,17.07,535916,20.92
23:54:07,17.06,535962,20.17
23:54:10,17.06,536009,20.51
23:54:13,17.06,536056,20.84
23:54:16,17.05,536102,20.07
23:54:19,17.05,536149,20.43
23:54:22,17.05,536196,20.76
23:54:25,17.04,536242,20.30
23:54:28,17.04,536289,20.63
23:54:31,17.04,536336,20.95
23:54:34,17.03,536382,20.11
23:54:37,17.03,536429,20.47
23:54:40,17.03,536476,20.80
23:54:43,17.02,536522,20.24
23:54:46,17.02,536569,20.59
23:54:49,17.02,536616,20.91
23:54:52,17.01,536662,20.16
23:54:55,17.01,536709,20.50
23:54:58,17.01,536756,20.83
23:55:01,17.02,536802,20.06
23:55:04,17.02,536849,20.42
23:55:07,17.02,536896,20.75
23:55:10,17.03,536942,20.29
23:55:13,17.03,536989,20.62
23:55:16,17.03,537036,20.94
23:55:19,17.04,537082,20.14
23:55:22,17.04,537129,20.48
23:55:25,17.04,537176,20.81
23:55:28,17.05,537222,20.04
23:55:31,17.05,537269,20.40
23:55:34,17.05,537316,20.73
23:55:37,17.06,537362,20.37
23:55:40,17.06,537409,20.66
23:55:43,17.06,537456,20.97
23:55:46,17.07,537502,20.02
23:55:49,17.07,537549,20.38
23:55:52,17.07,537596,20.73
23:55:55,17.08,537642,20.27
23:55:58,17.08,537689,20.60
23:56:01,17.08,537736,20.92
23:56:04,17.09,537782,20.17
23:56:07,17.09,537829,20.51
23:56:10,17.09,537876,20.84
23:56:13,17.10,537922,20.07
23:56:16,17.10,537969,20.43
23:56:19,17.10,538016,20.76
23:56:22,17.11,538062,20.30
23:56:25,17.11,538109,20.63
23:56:28,17.11,538156,20.95
23:56:31,17.12,538202,20.11
23:56:34,17.12,538249,20.47
23:56:37,17.12,538296,20.80
23:56:40,17.13,538342,20.24
23:56:43,17.13,538389,20.59
23:56:46,17.13,538436,20.91
23:56:49,17.14,538482,20.16
23:56:52,17.14,538529,20.50
23:56:55,17.14,538576,20.83
23:56:58,17.15,538622,20.06
23:57:01,17.15,538669,20.42
23:57:04,17.15,538716,20.75
23:57:07,17.16,538762,20.29
23:57:10,17.16,538809,20.62
23:57:13,17.16,538856,20.94
23:57:16,17.17,538902,20.14
23:57:19,17.17,538949,20.48
23:57:22,17.17,538996,20.81
23:57:25,17.18,539042,20.04
23:57:28,17.18,539089,20.40
23:57:31,17.18,539136,20.73
23:57:34,17.19,539182,20.37
23:57:37,17.19,539229,20.66
23:57:40,17.19,539276,20.97
23:57:43,17.20,539322,20.02
23:57:46,17.20,539369,20.38
23:57:49,17.20,539416,20.73
23:57:52,17.21,539462,20.27
23:57:55,17.21,539509,20.60
23:57:58,17.21,539556,20.92
23:58:01,17.22,539602,20.17
23:58:04,17.22,539649,20.51
23:58:07,17.22,539696,20.84
23:58:10,17.23,539742,20.07
23:58:13,17.23,539789,20.43
23:58:16,17.23,539836,20.76
23:58:19,17.24,539882,20.30
23:58:22,17.24,539929,20.63
23:58:25,17.24,539976,20.95
23:58:28,17.25,540022,20.11
23:58:31,17.25,540069,20.47
23:58:34,17.25,540116,20.80
23:58:37,17.26,540162,20.24
23:58:40,17.26,540209,20.59
23:58:43,17.26,540256,20.91
23:58:46,17.27,540302,20.16
23:58:49,17.27,540349,20.50
23:58:52,17.27,540396,20.83
23:58:55,17.28,540442,20.06
23:58:58,17.28,540489,20.42
23:59:01,17.28,540536,20.75
23:59:04,17.29,540582,20.29
23:59:07,17.29,540629,20.62
23:59:10,17.29,540676,20.94
23:59:13,17.30,540722,20.14
23:59:16,17.30,540769,20.48
23:59:19,17.30,540816,20.81
23:59:22,17.31,540862,20.04
23:59:25,17.31,540909,20.40
23:59:28,17.31,540956,20.73
23:59:31,17.32,541002,20.37
23:59:34,17.32,541049,20.66
23:59:37,17.32,541096,20.97
23:59:40,17.33,541142,20.02
23:59:43,17.33,541189,20.38
23:59:46,17.33,541236,20.73
23:59:49,17.34,541282,20.27
23:59:52,17.34,541329,20.60
23:59:55,17.34,541376,20.92
23:59:58,17.35,541422,20.17